#----------------------------------------------------------------------------------
# Model fitting. Interating using:
#  - solver:            NLOpt:ln-neldermead
#  - differentiation:   Numerical differentiantion (forward)
#.....................................................................................................................................................................................................
#  Minimum found with precision: |df|/f =  1.00000e-08 and |dx| =  1.00000e-05
#  Elapsed time: 00 days, 00:00:41.9635770
#  iteration            [001885]
#  function evaluations [001887]
#  gradient evaluations [000000]
#  degrees of freedom   [001687]
#  m2lnL     =     1508.91041366172 (     1471.6558    0.46914238     4.2053671     4.3939801     7.8270765     3.8352876     0.9957335   0.082486701    0.69364155     14.751897 )
#  Fit parameters:
#    -0.119113815374631   -1.31716738146294    -1.25487199847707    -1.02314426382486    -0.524611867202226   -1.4101555561557      0.0273609603830046  -1.63963790157376    -0.565626864345756   -0.91880480570725    -1.33334729151587    -0.917028208872946   -0.904662454891573   -19.36555850522      
#----------------------------------------------------------------------------------
# Restarting:              yes
#  - absolute improvement: 872.516501668204      
#  - relative improvement: 0.366383908761409     
#  - m2lnL_0  :            2381.42691532993      
#  - m2lnL_1  :            1508.91041366172      
#----------------------------------------------------------------------------------
# Model fitting. Interating using:
#  - solver:            NLOpt:ln-neldermead
#  - differentiation:   Numerical differentiantion (forward)
#..................................................................................................................................................................................................................................................................................................................
#  Minimum found with precision: |df|/f =  1.00000e-08 and |dx| =  1.00000e-05
#  Elapsed time: 00 days, 00:01:25.7097470
#  iteration            [002970]
#  function evaluations [002972]
#  gradient evaluations [000000]
#  degrees of freedom   [001687]
#  m2lnL     =     1488.17491541639 (     1463.1663   0.042525888     1.2857743     1.1175919     4.0173289     1.2384501    0.74830149    0.50281963     1.1876095      14.86823 )
#  Fit parameters:
#    -0.062164381671339   -1.26418934107645    -1.20960865054261    -0.921120074911044   -0.412262586351163   -1.54520709066072     0.672676431086158   -2.21076801859846    -0.35012406167511    -0.469024027538201   -1.93133288397423     0.124001843309242   -0.00443789990253037 -19.3473333383464    
#----------------------------------------------------------------------------------
# Restarting:              yes
#  - absolute improvement: 20.7354982453328      
#  - relative improvement: 0.0137420340250773    
#  - m2lnL_1  :            1508.91041366172      
#  - m2lnL_2  :            1488.17491541639      
#----------------------------------------------------------------------------------
# Model fitting. Interating using:
#  - solver:            NLOpt:ln-neldermead
#  - differentiation:   Numerical differentiantion (forward)
#...........................................................................................................................................................................................................................................................................................................................................................................................................................................
#  Minimum found with precision: |df|/f =  1.00000e-08 and |dx| =  1.00000e-05
#  Elapsed time: 00 days, 00:02:11.2128740
#  iteration            [004183]
#  function evaluations [004185]
#  gradient evaluations [000000]
#  degrees of freedom   [001687]
#  m2lnL     =     1480.94891737459 (     1453.3676  0.0064201646     1.2812206    0.83722466      4.078377    0.92815106    0.55634512     0.4917274    0.91028137     18.491583 )
#  Fit parameters:
#    -0.131760446713226    0.354303207178789   -0.82275270726549    -0.75517822441536    -0.88208882709963    -0.668050483515011   -0.287469995899231   -1.21493528376965    -1.84690206978262     0.898840690457276   -2.33207426925571     0.891168012709902   -0.0573011694242163  -19.3061899171122    
#----------------------------------------------------------------------------------
# Restarting:              yes
#  - absolute improvement: 7.22599804179526      
#  - relative improvement: 0.00485561069934675   
#  - m2lnL_2  :            1488.17491541639      
#  - m2lnL_3  :            1480.94891737459      
#----------------------------------------------------------------------------------
# Model fitting. Interating using:
#  - solver:            NLOpt:ln-neldermead
#  - differentiation:   Numerical differentiantion (forward)
#.............................................................................................................................................................................................................................................................................................................................................................................................................................................................................
#  Minimum found with precision: |df|/f =  1.00000e-08 and |dx| =  1.00000e-05
#  Elapsed time: 00 days, 00:02:13.0964050
#  iteration            [004520]
#  function evaluations [004522]
#  gradient evaluations [000000]
#  degrees of freedom   [001687]
#  m2lnL     =     1480.67735543283 (     1452.8561  0.0098724808     1.2152329     1.0755913     3.7539655     1.0210389    0.59098763    0.43050741    0.80894799     18.915083 )
#  Fit parameters:
#    -0.148098318702659    0.349767339133882   -0.820400244460349   -0.752636936919108   -0.826673227824787   -0.504110762865753   -0.652105369085357   -0.83401460144792    -2.04487754073682     0.999864985811334   -2.39988579592363     0.999193049751087   -0.0658906021146451  -19.3059363549482    
#----------------------------------------------------------------------------------
# Restarting:              yes
#  - absolute improvement: 0.271561941759728     
#  - relative improvement: 0.00018337022875924   
#  - m2lnL_3  :            1480.94891737459      
#  - m2lnL_4  :            1480.67735543283      
#----------------------------------------------------------------------------------
# Model fitting. Interating using:
#  - solver:            NLOpt:ln-neldermead
#  - differentiation:   Numerical differentiantion (forward)
#........................................
#  Minimum found with precision: |df|/f =  1.00000e-08 and |dx| =  1.00000e-05
#  Elapsed time: 00 days, 00:00:09.2449680
#  iteration            [000315]
#  function evaluations [000317]
#  gradient evaluations [000000]
#  degrees of freedom   [001687]
#  m2lnL     =     1480.67676827781 (     1452.8389   0.010078975     1.2127813     1.0753894     3.7629973     1.0195153    0.58797379     0.4326082    0.80556544     18.931005 )
#  Fit parameters:
#    -0.148820360357252    0.349505737687896   -0.820334057095512   -0.752711305708481   -0.826618336655418   -0.503712225518563   -0.646721003841709   -0.839165950440083   -2.04594883362103     0.999998745966996   -2.39726045963697     0.999898180085168   -0.0659261399939506  -19.305840253164     
#----------------------------------------------------------------------------------
# Restarting:              no
#  - absolute improvement: 0.000587155025414177  
#  - relative improvement: 3.96544880800543e-07  
#  - m2lnL_4  :            1480.67735543283      
#  - m2lnL_5  :            1480.67676827781      
#----------------------------------------------------------------------------------
# Data used:
#   - Pantheon+SH0ES Sample STAT+SYS (2022)
#   - 6dFGRS -- Beutler (2011), BAO Sample R-Dv
#   - SDSS-DR7-lowz -- Ross (2015), Empirical m2lnp
#   - SDSS DR12 (final consensus) -- Ross et al. (2016), arXiv:1607.03145; Alam
#        et al. (2016), arXiv:1607.03155; BAO Sample(D_t / r_sd, DH / r_sd) --
#        DR16 Compatible
#   - SDSS DR16 -- Alam et al., PRD 103, 083533 (2021); BAO LRG Sample(D_t /
#        r_sd, DH / r_sd)
#   - SDSS DR16 -- Alam et al., PRD 103, 083533 (2021); BAO QSO Sample(D_t /
#        r_sd, DH / r_sd)
#   - SDSS DR16 -- Alam et al., PRD 103, 083533 (2021) -- BAO ELG Sample,
#        Empirical m2lnp
#   - SDSS DR16 -- Alam et al., PRD 103, 083533 (2021) -- BAO Lyman alpha
#        autocorrelation Sample, Empirical m2lnp
#   - SDSS DR16 -- Alam et al., PRD 103, 083533 (2021) -- BAO Lyman alpha QSO
#        cross-correlation Sample, Empirical m2lnp
#   - Gomez-Valent 2018 -- arXiv:1802.01505
#----------------------------------------------------------------------------------
# Model[03000]:
#   - NcHICosmo : XCDM - Constant EOS
#----------------------------------------------------------------------------------
# Model parameters
#   -           H0[00]:  70                  [FIXED]
#   -       Omegac[01]:  0.25                [FIXED]
#   -       Omegak[02]: -0.148820360357252   [FREE]
#   -      Tgamma0[03]:  2.7245              [FIXED]
#   -           Yp[04]:  0.24                [FIXED]
#   -         ENnu[05]:  3.046               [FIXED]
#   -       Omegab[06]:  0.05                [FIXED]
#   -          w_0[07]:  0.349505737687896   [FREE]
#   -          w_1[08]: -0.820334057095512   [FREE]
#   -          w_2[09]: -0.752711305708481   [FREE]
#   -          w_3[10]: -0.826618336655418   [FREE]
#   -          w_4[11]: -0.503712225518563   [FREE]
#   -          w_5[12]: -0.646721003841709   [FREE]
#   -          w_6[13]: -0.839165950440083   [FREE]
#   -          w_7[14]: -2.04594883362103    [FREE]
#   -          w_8[15]:  0.999998745966996   [FREE]
#   -          w_9[16]: -2.39726045963697    [FREE]
#   -         w_10[17]:  0.999898180085168   [FREE]
#   -         w_11[18]: -0.0659261399939506  [FREE]
#----------------------------------------------------------------------------------
# Model[14000]:
#   - NcSNIADistCov : Supernovae Ia Distance Covariance
#----------------------------------------------------------------------------------
# Model parameters
#   -        alpha[00]:  0                   [FIXED]
#   -         beta[01]:  0                   [FIXED]
#   -           M1[02]: -19.305840253164     [FREE]
#   -           M2[03]: -19.25               [FIXED]
#   - lnsigma_pecz[04]: -34.5387763949107    [FIXED]
#   - lnsigma_lens[05]: -34.5387763949107    [FIXED]
#----------------------------------------------------------------------------------
# NcmMSet parameters covariance matrix
#                                                  -------------------------------------------------------------------------------------------------------------------------------------------------------------------------------------------------------------------
# Omegak[03000:02] = -0.1488      +/-  0.136       |  1           | -0.06805     | -0.4147      |  0.009499    |  0.1737      | -0.4367      |  0.3861      | -0.5119      |  0.5862      | -0.4512      |  0.1723      | -0.2735      |  0.4099      | -0.2228      |
#    w_0[03000:07] =  0.3495      +/-  0.6532      | -0.06805     |  1           |  0.68        |  0.4107      | -0.4628      |  0.1825      | -0.1567      |  0.1625      | -0.09007     |  0.0426      | -0.01098     |  0.04416     | -0.03034     |  0.8776      |
#    w_1[03000:08] = -0.8203      +/-  0.3077      | -0.4147      |  0.68        |  1           |  0.2779      | -0.7496      |  0.4015      | -0.3523      |  0.4037      | -0.3339      |  0.2245      | -0.09822     |  0.1537      | -0.2018      |  0.5175      |
#    w_2[03000:09] = -0.7527      +/-  0.2582      |  0.009499    |  0.4107      |  0.2779      |  1           |  0.3512      | -0.6442      |  0.5714      | -0.4997      |  0.2803      | -0.1688      |  0.1636      | -0.1568      |  0.175       |  0.3726      |
#    w_3[03000:10] = -0.8266      +/-  0.5461      |  0.1737      | -0.4628      | -0.7496      |  0.3512      |  1           | -0.6544      |  0.534       | -0.5287      |  0.324       | -0.1927      |  0.1364      | -0.1602      |  0.1863      | -0.2796      |
#    w_4[03000:11] = -0.5037      +/-  1.094       | -0.4367      |  0.1825      |  0.4015      | -0.6442      | -0.6544      |  1           | -0.9445      |  0.8853      | -0.6225      |  0.4059      | -0.2652      |  0.3216      | -0.3843      |  0.1382      |
#    w_5[03000:12] = -0.6467      +/-  1.453       |  0.3861      | -0.1567      | -0.3523      |  0.5714      |  0.534       | -0.9445      |  1           | -0.9438      |  0.6194      | -0.3969      |  0.2734      | -0.324       |  0.3811      | -0.1103      |
#    w_6[03000:13] = -0.8392      +/-  1.414       | -0.5119      |  0.1625      |  0.4037      | -0.4997      | -0.5287      |  0.8853      | -0.9438      |  1           | -0.7027      |  0.4336      | -0.271       |  0.3365      | -0.4106      |  0.1447      |
#    w_7[03000:14] = -2.046       +/-  1.865       |  0.5862      | -0.09007     | -0.3339      |  0.2803      |  0.324       | -0.6225      |  0.6194      | -0.7027      |  1           | -0.8146      |  0.5375      | -0.6183      |  0.7         | -0.1198      |
#    w_8[03000:15] =  1           +/-  2.565       | -0.4512      |  0.0426      |  0.2245      | -0.1688      | -0.1927      |  0.4059      | -0.3969      |  0.4336      | -0.8146      |  1           | -0.896       |  0.9159      | -0.9553      |  0.07846     |
#    w_9[03000:16] = -2.397       +/-  3.976       |  0.1723      | -0.01098     | -0.09822     |  0.1636      |  0.1364      | -0.2652      |  0.2734      | -0.271       |  0.5375      | -0.896       |  1           | -0.9828      |  0.9592      | -0.008349    |
#   w_10[03000:17] =  0.9999      +/-  3.594       | -0.2735      |  0.04416     |  0.1537      | -0.1568      | -0.1602      |  0.3216      | -0.324       |  0.3365      | -0.6183      |  0.9159      | -0.9828      |  1           | -0.9861      |  0.05929     |
#   w_11[03000:18] = -0.06593     +/-  0.1847      |  0.4099      | -0.03034     | -0.2018      |  0.175       |  0.1863      | -0.3843      |  0.3811      | -0.4106      |  0.7         | -0.9553      |  0.9592      | -0.9861      |  1           | -0.06087     |
#     M1[14000:02] = -19.31       +/-  0.01962     | -0.2228      |  0.8776      |  0.5175      |  0.3726      | -0.2796      |  0.1382      | -0.1103      |  0.1447      | -0.1198      |  0.07846     | -0.008349    |  0.05929     | -0.06087     |  1           |
#                                                  -------------------------------------------------------------------------------------------------------------------------------------------------------------------------------------------------------------------
