#----------------------------------------------------------------------------------
# Model fitting. Interating using:
#  - solver:            NLOpt:ln-neldermead
#  - differentiation:   Numerical differentiantion (forward)
#.......................................................................................................................................................................................
#  Minimum found with precision: |df|/f =  1.00000e-08 and |dx| =  1.00000e-05
#  Elapsed time: 00 days, 00:00:45.1986980
#  iteration            [001749]
#  function evaluations [001751]
#  gradient evaluations [000000]
#  degrees of freedom   [001691]
#  m2lnL     =     1490.85071394856 (     1462.6685   0.030912967     1.4807905     1.6328747     3.8073808    0.74271884    0.78188516     1.0654853     1.4249677      17.21524 )
#  Fit parameters:
#    -0.0115511396427472  -1.34674570998474    -1.20060757652353    -1.16684461963745    -0.160304838172418   -1.71147135017934    -0.472266761747784   -1.4177502872671      0.11084499695323    -19.3525960093046    
#----------------------------------------------------------------------------------
# Restarting:              yes
#  - absolute improvement: 890.576201381363      
#  - relative improvement: 0.373967471203281     
#  - m2lnL_0  :            2381.42691532993      
#  - m2lnL_1  :            1490.85071394856      
#----------------------------------------------------------------------------------
# Model fitting. Interating using:
#  - solver:            NLOpt:ln-neldermead
#  - differentiation:   Numerical differentiantion (forward)
#......................................................................................................................................................................................................................................................................
#  Minimum found with precision: |df|/f =  1.00000e-08 and |dx| =  1.00000e-05
#  Elapsed time: 00 days, 00:01:11.0703640
#  iteration            [002530]
#  function evaluations [002532]
#  gradient evaluations [000000]
#  degrees of freedom   [001691]
#  m2lnL     =     1482.61068599535 (     1454.5076  0.0072933152     1.3048105     1.2150038     3.8298042    0.95161339    0.86314127    0.43541362    0.83132939     18.664655 )
#  Fit parameters:
#    -0.0837508545067134   0.0982110986802538  -1.00933421464347    -0.710892931162723   -0.563845060016689   -1.02928376253968    -0.71738930360776    -0.724043445530676    0.0366615749484618  -19.3125812206322    
#----------------------------------------------------------------------------------
# Restarting:              yes
#  - absolute improvement: 8.2400279532178       
#  - relative improvement: 0.00552706443114873   
#  - m2lnL_1  :            1490.85071394856      
#  - m2lnL_2  :            1482.61068599535      
#----------------------------------------------------------------------------------
# Model fitting. Interating using:
#  - solver:            NLOpt:ln-neldermead
#  - differentiation:   Numerical differentiantion (forward)
#..........................
#  Minimum found with precision: |df|/f =  1.00000e-08 and |dx| =  1.00000e-05
#  Elapsed time: 00 days, 00:00:05.3703600
#  iteration            [000173]
#  function evaluations [000175]
#  gradient evaluations [000000]
#  degrees of freedom   [001691]
#  m2lnL     =     1482.61065875365 (     1454.5059  0.0071854541     1.3063023     1.2132112     3.8346788    0.95297619    0.86301759    0.43449793    0.82975678     18.663163 )
#  Fit parameters:
#    -0.0839134861757869   0.0985852983078227  -1.00935066104359    -0.710744574526578   -0.563586371335135   -1.02975736045214    -0.717111622105858   -0.72375462856735     0.0366230790329074  -19.312562581172     
#----------------------------------------------------------------------------------
# Restarting:              no
#  - absolute improvement: 2.72416993993829e-05  
#  - relative improvement: 1.83741420837624e-08  
#  - m2lnL_2  :            1482.61068599535      
#  - m2lnL_3  :            1482.61065875365      
#----------------------------------------------------------------------------------
# Data used:
#   - Pantheon+SH0ES Sample STAT+SYS (2022)
#   - 6dFGRS -- Beutler (2011), BAO Sample R-Dv
#   - SDSS-DR7-lowz -- Ross (2015), Empirical m2lnp
#   - SDSS DR12 (final consensus) -- Ross et al. (2016), arXiv:1607.03145; Alam
#        et al. (2016), arXiv:1607.03155; BAO Sample(D_t / r_sd, DH / r_sd) --
#        DR16 Compatible
#   - SDSS DR16 -- Alam et al., PRD 103, 083533 (2021); BAO LRG Sample(D_t /
#        r_sd, DH / r_sd)
#   - SDSS DR16 -- Alam et al., PRD 103, 083533 (2021); BAO QSO Sample(D_t /
#        r_sd, DH / r_sd)
#   - SDSS DR16 -- Alam et al., PRD 103, 083533 (2021) -- BAO ELG Sample,
#        Empirical m2lnp
#   - SDSS DR16 -- Alam et al., PRD 103, 083533 (2021) -- BAO Lyman alpha
#        autocorrelation Sample, Empirical m2lnp
#   - SDSS DR16 -- Alam et al., PRD 103, 083533 (2021) -- BAO Lyman alpha QSO
#        cross-correlation Sample, Empirical m2lnp
#   - Gomez-Valent 2018 -- arXiv:1802.01505
#----------------------------------------------------------------------------------
# Model[03000]:
#   - NcHICosmo : XCDM - Constant EOS
#----------------------------------------------------------------------------------
# Model parameters
#   -           H0[00]:  70                  [FIXED]
#   -       Omegac[01]:  0.25                [FIXED]
#   -       Omegak[02]: -0.0839134861757869  [FREE]
#   -      Tgamma0[03]:  2.7245              [FIXED]
#   -           Yp[04]:  0.24                [FIXED]
#   -         ENnu[05]:  3.046               [FIXED]
#   -       Omegab[06]:  0.05                [FIXED]
#   -          w_0[07]:  0.0985852983078227  [FREE]
#   -          w_1[08]: -1.00935066104359    [FREE]
#   -          w_2[09]: -0.710744574526578   [FREE]
#   -          w_3[10]: -0.563586371335135   [FREE]
#   -          w_4[11]: -1.02975736045214    [FREE]
#   -          w_5[12]: -0.717111622105858   [FREE]
#   -          w_6[13]: -0.72375462856735    [FREE]
#   -          w_7[14]:  0.0366230790329074  [FREE]
#----------------------------------------------------------------------------------
# Model[14000]:
#   - NcSNIADistCov : Supernovae Ia Distance Covariance
#----------------------------------------------------------------------------------
# Model parameters
#   -        alpha[00]:  0                   [FIXED]
#   -         beta[01]:  0                   [FIXED]
#   -           M1[02]: -19.312562581172     [FREE]
#   -           M2[03]: -19.25               [FIXED]
#   - lnsigma_pecz[04]: -34.5387763949107    [FIXED]
#   - lnsigma_lens[05]: -34.5387763949107    [FIXED]
#----------------------------------------------------------------------------------
# NcmMSet parameters covariance matrix
#                                                  -------------------------------------------------------------------------------------------------------------------------------------------------------
# Omegak[03000:02] = -0.08391     +/-  0.09249     |  1           |  0.09709     | -0.4592      | -0.1768      | -0.239       | -0.1063      | -0.3013      | -0.49        |  0.7628      | -0.0716      |
#    w_0[03000:07] =  0.09859     +/-  0.4989      |  0.09709     |  1           |  0.179       |  0.7257      | -0.3951      |  0.1904      | -0.08651     |  0.04941     |  0.02593     |  0.8681      |
#    w_1[03000:08] = -1.009       +/-  0.1374      | -0.4592      |  0.179       |  1           |  0.6868      | -0.5746      |  0.4105      |  0.03408     |  0.1547      | -0.4275      |  0.1402      |
#    w_2[03000:09] = -0.7107      +/-  0.1975      | -0.1768      |  0.7257      |  0.6868      |  1           | -0.4161      |  0.1234      |  0.02956     |  0.1784      | -0.1768      |  0.5436      |
#    w_3[03000:10] = -0.5636      +/-  0.2732      | -0.239       | -0.3951      | -0.5746      | -0.4161      |  1           | -0.6117      |  0.2224      |  0.3151      | -0.07757     | -0.2102      |
#    w_4[03000:11] = -1.03        +/-  0.394       | -0.1063      |  0.1904      |  0.4105      |  0.1234      | -0.6117      |  1           | -0.3497      | -0.2399      | -0.2283      |  0.146       |
#    w_5[03000:12] = -0.7171      +/-  0.3741      | -0.3013      | -0.08651     |  0.03408     |  0.02956     |  0.2224      | -0.3497      |  1           | -0.1982      |  0.1821      | -0.01367     |
#    w_6[03000:13] = -0.7238      +/-  0.3861      | -0.49        |  0.04941     |  0.1547      |  0.1784      |  0.3151      | -0.2399      | -0.1982      |  1           | -0.8151      |  0.1763      |
#    w_7[03000:14] =  0.03662     +/-  0.03507     |  0.7628      |  0.02593     | -0.4275      | -0.1768      | -0.07757     | -0.2283      |  0.1821      | -0.8151      |  1           | -0.08549     |
#     M1[14000:02] = -19.31       +/-  0.01665     | -0.0716      |  0.8681      |  0.1402      |  0.5436      | -0.2102      |  0.146       | -0.01367     |  0.1763      | -0.08549     |  1           |
#                                                  -------------------------------------------------------------------------------------------------------------------------------------------------------
