#----------------------------------------------------------------------------------
# Model fitting. Interating using:
#  - solver:            NLOpt:ln-neldermead
#  - differentiation:   Numerical differentiantion (forward)
#..............................................................................................................................................................................................................................................
#  Minimum found with precision: |df|/f =  1.00000e-08 and |dx| =  1.00000e-05
#  Elapsed time: 00 days, 00:00:49.7601410
#  iteration            [002298]
#  function evaluations [002300]
#  gradient evaluations [000000]
#  degrees of freedom   [001689]
#  m2lnL     =     1490.98146751298 (     1465.0848   0.031156126     1.5123552    0.73428189     3.8006314    0.59694549      0.850622    0.97342552     1.9380283     15.459199 )
#  Fit parameters:
#     0.00125334721844829 -1.3339890210632     -1.13624099365034    -1.24615186936429    -0.882932326584413   -0.451751603770024   -1.51803913288921    -0.405672890666851   -1.42738904060185    -1.03409954308387     0.0471787106186254  -19.351062064603     
#----------------------------------------------------------------------------------
# Restarting:              yes
#  - absolute improvement: 890.445447816948      
#  - relative improvement: 0.373912565649147     
#  - m2lnL_0  :            2381.42691532993      
#  - m2lnL_1  :            1490.98146751298      
#----------------------------------------------------------------------------------
# Model fitting. Interating using:
#  - solver:            NLOpt:ln-neldermead
#  - differentiation:   Numerical differentiantion (forward)
#.................................................................................................................................................................................................................................................................................................
#  Minimum found with precision: |df|/f =  1.00000e-08 and |dx| =  1.00000e-05
#  Elapsed time: 00 days, 00:01:06.1230620
#  iteration            [002802]
#  function evaluations [002804]
#  gradient evaluations [000000]
#  degrees of freedom   [001689]
#  m2lnL     =     1482.39479648058 (     1454.7521   0.010172587     1.2090004    0.90266164     4.2097482     1.0776252    0.82149277     0.4918629    0.93526957     17.984856 )
#  Fit parameters:
#    -0.0738135405763212   0.404455006447561   -0.855642570604651   -0.743703548056059   -0.901815244729623   -0.295779269459684   -1.36913473477063    -0.459186831926328   -0.940691899298317   -0.695962618061706    0.0266442456094248  -19.3066013018949    
#----------------------------------------------------------------------------------
# Restarting:              yes
#  - absolute improvement: 8.58667103239372      
#  - relative improvement: 0.00575907294590097   
#  - m2lnL_1  :            1490.98146751298      
#  - m2lnL_2  :            1482.39479648058      
#----------------------------------------------------------------------------------
# Model fitting. Interating using:
#  - solver:            NLOpt:ln-neldermead
#  - differentiation:   Numerical differentiantion (forward)
#....................................................................................................................................
#  Minimum found with precision: |df|/f =  1.00000e-08 and |dx| =  1.00000e-05
#  Elapsed time: 00 days, 00:00:31.0634210
#  iteration            [001231]
#  function evaluations [001233]
#  gradient evaluations [000000]
#  degrees of freedom   [001689]
#  m2lnL     =     1482.21472604798 (     1454.2208  0.0085709337     1.2382338    0.89355224     3.9672997    0.86035788    0.80177047    0.39501224      0.763584     19.065581 )
#  Fit parameters:
#    -0.0969914877130554   0.34204969155202    -0.863220118915962   -0.73819557748194    -0.846746869548217   -0.375855048467711   -1.18917075262171    -0.910781912061914   -0.434684098509749   -0.778781779635132    0.0362249232490789  -19.3072594116968    
#----------------------------------------------------------------------------------
# Restarting:              yes
#  - absolute improvement: 0.180070432601724     
#  - relative improvement: 0.000121472655617273  
#  - m2lnL_2  :            1482.39479648058      
#  - m2lnL_3  :            1482.21472604798      
#----------------------------------------------------------------------------------
# Model fitting. Interating using:
#  - solver:            NLOpt:ln-neldermead
#  - differentiation:   Numerical differentiantion (forward)
#.........................................
#  Minimum found with precision: |df|/f =  1.00000e-08 and |dx| =  1.00000e-05
#  Elapsed time: 00 days, 00:00:08.3883050
#  iteration            [000325]
#  function evaluations [000327]
#  gradient evaluations [000000]
#  degrees of freedom   [001689]
#  m2lnL     =     1482.21452921002 (     1454.2015  0.0085920199      1.237343    0.89490578      3.955267    0.85007637     0.8011542     0.3990043    0.77104654     19.095604 )
#  Fit parameters:
#    -0.096590646606071    0.345497484624196   -0.863302960348876   -0.738044763415603   -0.847411282480254   -0.374769464066675   -1.18933968243251    -0.91813628070084    -0.43064530038438    -0.777005469944687    0.0363985380725574  -19.3071517151658    
#----------------------------------------------------------------------------------
# Restarting:              no
#  - absolute improvement: 0.000196837958583274  
#  - relative improvement: 1.32799894053206e-07  
#  - m2lnL_3  :            1482.21472604798      
#  - m2lnL_4  :            1482.21452921002      
#----------------------------------------------------------------------------------
# Data used:
#   - Pantheon+SH0ES Sample STAT+SYS (2022)
#   - 6dFGRS -- Beutler (2011), BAO Sample R-Dv
#   - SDSS-DR7-lowz -- Ross (2015), Empirical m2lnp
#   - SDSS DR12 (final consensus) -- Ross et al. (2016), arXiv:1607.03145; Alam
#        et al. (2016), arXiv:1607.03155; BAO Sample(D_t / r_sd, DH / r_sd) --
#        DR16 Compatible
#   - SDSS DR16 -- Alam et al., PRD 103, 083533 (2021); BAO LRG Sample(D_t /
#        r_sd, DH / r_sd)
#   - SDSS DR16 -- Alam et al., PRD 103, 083533 (2021); BAO QSO Sample(D_t /
#        r_sd, DH / r_sd)
#   - SDSS DR16 -- Alam et al., PRD 103, 083533 (2021) -- BAO ELG Sample,
#        Empirical m2lnp
#   - SDSS DR16 -- Alam et al., PRD 103, 083533 (2021) -- BAO Lyman alpha
#        autocorrelation Sample, Empirical m2lnp
#   - SDSS DR16 -- Alam et al., PRD 103, 083533 (2021) -- BAO Lyman alpha QSO
#        cross-correlation Sample, Empirical m2lnp
#   - Gomez-Valent 2018 -- arXiv:1802.01505
#----------------------------------------------------------------------------------
# Model[03000]:
#   - NcHICosmo : XCDM - Constant EOS
#----------------------------------------------------------------------------------
# Model parameters
#   -           H0[00]:  70                  [FIXED]
#   -       Omegac[01]:  0.25                [FIXED]
#   -       Omegak[02]: -0.096590646606071   [FREE]
#   -      Tgamma0[03]:  2.7245              [FIXED]
#   -           Yp[04]:  0.24                [FIXED]
#   -         ENnu[05]:  3.046               [FIXED]
#   -       Omegab[06]:  0.05                [FIXED]
#   -          w_0[07]:  0.345497484624196   [FREE]
#   -          w_1[08]: -0.863302960348876   [FREE]
#   -          w_2[09]: -0.738044763415603   [FREE]
#   -          w_3[10]: -0.847411282480254   [FREE]
#   -          w_4[11]: -0.374769464066675   [FREE]
#   -          w_5[12]: -1.18933968243251    [FREE]
#   -          w_6[13]: -0.91813628070084    [FREE]
#   -          w_7[14]: -0.43064530038438    [FREE]
#   -          w_8[15]: -0.777005469944687   [FREE]
#   -          w_9[16]:  0.0363985380725574  [FREE]
#----------------------------------------------------------------------------------
# Model[14000]:
#   - NcSNIADistCov : Supernovae Ia Distance Covariance
#----------------------------------------------------------------------------------
# Model parameters
#   -        alpha[00]:  0                   [FIXED]
#   -         beta[01]:  0                   [FIXED]
#   -           M1[02]: -19.3071517151658    [FREE]
#   -           M2[03]: -19.25               [FIXED]
#   - lnsigma_pecz[04]: -34.5387763949107    [FIXED]
#   - lnsigma_lens[05]: -34.5387763949107    [FIXED]
#----------------------------------------------------------------------------------
# NcmMSet parameters covariance matrix
#                                                  -------------------------------------------------------------------------------------------------------------------------------------------------------------------------------------
# Omegak[03000:02] = -0.09659     +/-  0.1045      |  1           |  0.03508     | -0.2929      | -0.2849      | -0.09949     | -0.0674      | -0.2335      |  0.3429      | -0.5113      | -0.1317      |  0.2803      | -0.1397      |
#    w_0[03000:07] =  0.3455      +/-  0.6427      |  0.03508     |  1           |  0.621       |  0.705       | -0.5204      |  0.3403      | -0.2401      |  0.1107      | -0.05509     |  0.1713      | -0.07527     |  0.8815      |
#    w_1[03000:08] = -0.8633      +/-  0.2632      | -0.2929      |  0.621       |  1           |  0.7194      | -0.7849      |  0.5327      | -0.2639      |  0.0405      |  0.08357     |  0.1516      | -0.206       |  0.4744      |
#    w_2[03000:09] = -0.738       +/-  0.2173      | -0.2849      |  0.705       |  0.7194      |  1           | -0.2278      | -0.02918     |  0.06679     | -0.1174      |  0.1761      |  0.1563      | -0.06958     |  0.5884      |
#    w_3[03000:10] = -0.8474      +/-  0.4739      | -0.09949     | -0.5204      | -0.7849      | -0.2278      |  1           | -0.7499      |  0.4473      | -0.2342      |  0.1621      | -0.0649      |  0.1445      | -0.3305      |
#    w_4[03000:11] = -0.3748      +/-  0.5111      | -0.0674      |  0.3403      |  0.5327      | -0.02918     | -0.7499      |  1           | -0.7054      |  0.2317      | -0.08395     |  0.1109      | -0.2351      |  0.2478      |
#    w_5[03000:12] = -1.189       +/-  0.6023      | -0.2335      | -0.2401      | -0.2639      |  0.06679     |  0.4473      | -0.7054      |  1           | -0.4669      |  0.2671      | -0.07078     |  0.2169      | -0.125       |
#    w_6[03000:13] = -0.9181      +/-  1.148       |  0.3429      |  0.1107      |  0.0405      | -0.1174      | -0.2342      |  0.2317      | -0.4669      |  1           | -0.8855      |  0.1749      | -0.5782      |  0.03143     |
#    w_7[03000:14] = -0.4306      +/-  1.298       | -0.5113      | -0.05509     |  0.08357     |  0.1761      |  0.1621      | -0.08395     |  0.2671      | -0.8855      |  1           | -0.3709      |  0.5683      |  0.04235     |
#    w_8[03000:15] = -0.777       +/-  0.5492      | -0.1317      |  0.1713      |  0.1516      |  0.1563      | -0.0649      |  0.1109      | -0.07078     |  0.1749      | -0.3709      |  1           | -0.7923      |  0.2085      |
#    w_9[03000:16] =  0.0364      +/-  0.0415      |  0.2803      | -0.07527     | -0.206       | -0.06958     |  0.1445      | -0.2351      |  0.2169      | -0.5782      |  0.5683      | -0.7923      |  1           | -0.1042      |
#     M1[14000:02] = -19.31       +/-  0.01897     | -0.1397      |  0.8815      |  0.4744      |  0.5884      | -0.3305      |  0.2478      | -0.125       |  0.03143     |  0.04235     |  0.2085      | -0.1042      |  1           |
#                                                  -------------------------------------------------------------------------------------------------------------------------------------------------------------------------------------
