#----------------------------------------------------------------------------------
# Model fitting. Interating using:
#  - solver:            NLOpt:ln-neldermead
#  - differentiation:   Numerical differentiantion (forward)
#...........................................................................................................................................................................................................................................................................................................................................................................................................................................................
#  Minimum found with precision: |df|/f =  1.00000e-08 and |dx| =  1.00000e-05
#  Elapsed time: 00 days, 00:01:35.1337180
#  iteration            [004349]
#  function evaluations [004351]
#  gradient evaluations [000000]
#  degrees of freedom   [001686]
#  m2lnL     =     1492.94876025117 (     1454.2182   0.016196572     2.0243182    0.90174885     4.6905238    0.86169457    0.87641526     4.6462355     6.5430688     18.170377 )
#  Fit parameters:
#     71.2534786510377     0.297032978640844   -0.574601207258919   -1.24245622645535    -1.00286165102024    -0.824029806661986   -1.6162077842588      0.141892798624164   -2.93730737273042    -1.26335526989694    -1.75969871103502    -4.99055822891648    -1.51859476025658    -1.79194862343368    -19.3017517504795    
#----------------------------------------------------------------------------------
# Restarting:              yes
#  - absolute improvement: 888.47815507876       
#  - relative improvement: 0.373086467344168     
#  - m2lnL_0  :            2381.42691532993      
#  - m2lnL_1  :            1492.94876025117      
#----------------------------------------------------------------------------------
# Model fitting. Interating using:
#  - solver:            NLOpt:ln-neldermead
#  - differentiation:   Numerical differentiantion (forward)
#......................................................................................................................................................................................................................................................................................................................................................................................................................................................................................................................................................................................................................................................................................................................................
#  Minimum found with precision: |df|/f =  1.00000e-08 and |dx| =  1.00000e-05
#  Elapsed time: 00 days, 00:03:07.1597990
#  iteration            [007016]
#  function evaluations [007018]
#  gradient evaluations [000000]
#  degrees of freedom   [001686]
#  m2lnL     =     1480.23372824444 (     1450.5908  0.0095563636     1.3674989     1.0778776     3.3273177    0.57658608      0.694283     1.2706763     1.8904826     19.428677 )
#  Fit parameters:
#     71.5564114127316     0.253105064463975   -0.590699894207664   -1.18611559934139    -0.899012031075069   -0.533109505782086   -1.26798689831708     0.143132195885849   -1.98100715426552    -1.51674917335267     0.913486672077965   -4.11006567019393     0.999862208643169   -0.0253595397048062  -19.2886652854733    
#----------------------------------------------------------------------------------
# Restarting:              yes
#  - absolute improvement: 12.7150320067283      
#  - relative improvement: 0.00851672364468099   
#  - m2lnL_1  :            1492.94876025117      
#  - m2lnL_2  :            1480.23372824444      
#----------------------------------------------------------------------------------
# Model fitting. Interating using:
#  - solver:            NLOpt:ln-neldermead
#  - differentiation:   Numerical differentiantion (forward)
#...........................................................................................................................................................................................................................................................................................................................................................................................................................
#  Minimum found with precision: |df|/f =  1.00000e-08 and |dx| =  1.00000e-05
#  Elapsed time: 00 days, 00:01:50.2362200
#  iteration            [004027]
#  function evaluations [004029]
#  gradient evaluations [000000]
#  degrees of freedom   [001686]
#  m2lnL     =     1480.01113060825 (     1450.5085  0.0083248637     1.3973767     1.1378383     3.3699198    0.64534731    0.70608387     1.1988912     1.8082099     19.230612 )
#  Fit parameters:
#     71.6199378545073     0.259092458421976   -0.674616236402996   -1.253660704812      -0.935599484618499   -0.478983967604805   -1.30393613798934     0.131219521924091   -2.05604663819172    -1.45545576970731     0.986528909001712   -4.96837700372075     0.999121287962041   -0.0175639937895213  -19.2875668703941    
#----------------------------------------------------------------------------------
# Restarting:              yes
#  - absolute improvement: 0.222597636192631     
#  - relative improvement: 0.000150380059544132  
#  - m2lnL_2  :            1480.23372824444      
#  - m2lnL_3  :            1480.01113060825      
#----------------------------------------------------------------------------------
# Model fitting. Interating using:
#  - solver:            NLOpt:ln-neldermead
#  - differentiation:   Numerical differentiantion (forward)
#....................................................................
#  Minimum found with precision: |df|/f =  1.00000e-08 and |dx| =  1.00000e-05
#  Elapsed time: 00 days, 00:00:16.6987250
#  iteration            [000599]
#  function evaluations [000601]
#  gradient evaluations [000000]
#  degrees of freedom   [001686]
#  m2lnL     =      1480.0032707756 (     1450.5129  0.0081546609     1.3992702     1.1355405     3.3813554    0.65290929    0.70598706     1.1967484      1.801641     19.208753 )
#  Fit parameters:
#     71.6144325236056     0.259150822053771   -0.671223800820538   -1.25389716486362    -0.935649861611237   -0.478787122138614   -1.30115989124029     0.129603622316324   -2.05983361117084    -1.45176152971501     0.999789924373985   -4.99984812482513     0.999729355124459   -0.017544848141516   -19.2876294136029    
#----------------------------------------------------------------------------------
# Restarting:              yes
#  - absolute improvement: 0.00785983264881907   
#  - relative improvement: 5.31065779592406e-06  
#  - m2lnL_3  :            1480.01113060825      
#  - m2lnL_4  :            1480.0032707756       
#----------------------------------------------------------------------------------
# Model fitting. Interating using:
#  - solver:            NLOpt:ln-neldermead
#  - differentiation:   Numerical differentiantion (forward)
#......................................
#  Minimum found with precision: |df|/f =  1.00000e-08 and |dx| =  1.00000e-05
#  Elapsed time: 00 days, 00:00:08.3296580
#  iteration            [000299]
#  function evaluations [000301]
#  gradient evaluations [000000]
#  degrees of freedom   [001686]
#  m2lnL     =     1480.00314102509 (     1450.5332  0.0081392058     1.3995855     1.1370156      3.374917    0.65547386    0.70674929     1.1932006     1.8002587     19.194622 )
#  Fit parameters:
#     71.6124673979258     0.259158847301752   -0.672127619523671   -1.25399760529001    -0.935877903793941   -0.479058928769045   -1.3019569799089      0.127305149307666   -2.05529327014995    -1.45056956735015     0.999918594531825   -4.99998246508853     0.999983846618492   -0.0176531243021     -19.2877473501754    
#----------------------------------------------------------------------------------
# Restarting:              no
#  - absolute improvement: 0.000129750503674586  
#  - relative improvement: 8.7669065492396e-08   
#  - m2lnL_4  :            1480.0032707756       
#  - m2lnL_5  :            1480.00314102509      
#----------------------------------------------------------------------------------
# Data used:
#   - Pantheon+SH0ES Sample STAT+SYS (2022)
#   - 6dFGRS -- Beutler (2011), BAO Sample R-Dv
#   - SDSS-DR7-lowz -- Ross (2015), Empirical m2lnp
#   - SDSS DR12 (final consensus) -- Ross et al. (2016), arXiv:1607.03145; Alam
#        et al. (2016), arXiv:1607.03155; BAO Sample(D_t / r_sd, DH / r_sd) --
#        DR16 Compatible
#   - SDSS DR16 -- Alam et al., PRD 103, 083533 (2021); BAO LRG Sample(D_t /
#        r_sd, DH / r_sd)
#   - SDSS DR16 -- Alam et al., PRD 103, 083533 (2021); BAO QSO Sample(D_t /
#        r_sd, DH / r_sd)
#   - SDSS DR16 -- Alam et al., PRD 103, 083533 (2021) -- BAO ELG Sample,
#        Empirical m2lnp
#   - SDSS DR16 -- Alam et al., PRD 103, 083533 (2021) -- BAO Lyman alpha
#        autocorrelation Sample, Empirical m2lnp
#   - SDSS DR16 -- Alam et al., PRD 103, 083533 (2021) -- BAO Lyman alpha QSO
#        cross-correlation Sample, Empirical m2lnp
#   - Gomez-Valent 2018 -- arXiv:1802.01505
#----------------------------------------------------------------------------------
# Model[03000]:
#   - NcHICosmo : XCDM - Constant EOS
#----------------------------------------------------------------------------------
# Model parameters
#   -           H0[00]:  71.6124673979258    [FREE]
#   -       Omegac[01]:  0.259158847301752   [FREE]
#   -       Omegak[02]:  0                   [FIXED]
#   -      Tgamma0[03]:  2.7245              [FIXED]
#   -           Yp[04]:  0.24                [FIXED]
#   -         ENnu[05]:  3.046               [FIXED]
#   -       Omegab[06]:  0.05                [FIXED]
#   -          w_0[07]: -0.672127619523671   [FREE]
#   -          w_1[08]: -1.25399760529001    [FREE]
#   -          w_2[09]: -0.935877903793941   [FREE]
#   -          w_3[10]: -0.479058928769045   [FREE]
#   -          w_4[11]: -1.3019569799089     [FREE]
#   -          w_5[12]:  0.127305149307666   [FREE]
#   -          w_6[13]: -2.05529327014995    [FREE]
#   -          w_7[14]: -1.45056956735015    [FREE]
#   -          w_8[15]:  0.999918594531825   [FREE]
#   -          w_9[16]: -4.99998246508853    [FREE]
#   -         w_10[17]:  0.999983846618492   [FREE]
#   -         w_11[18]: -0.0176531243021     [FREE]
#----------------------------------------------------------------------------------
# Model[14000]:
#   - NcSNIADistCov : Supernovae Ia Distance Covariance
#----------------------------------------------------------------------------------
# Model parameters
#   -        alpha[00]:  0                   [FIXED]
#   -         beta[01]:  0                   [FIXED]
#   -           M1[02]: -19.2877473501754    [FREE]
#   -           M2[03]: -19.25               [FIXED]
#   - lnsigma_pecz[04]: -34.5387763949107    [FIXED]
#   - lnsigma_lens[05]: -34.5387763949107    [FIXED]
#----------------------------------------------------------------------------------
# NcmMSet parameters covariance matrix
#                                                  ----------------------------------------------------------------------------------------------------------------------------------------------------------------------------------------------------------------------------------
#     H0[03000:00] =  71.61       +/-  5.999       |  1           | -0.9792      | -0.8722      |  0.9624      |  0.972       |  0.9743      | -0.9474      |  0.9747      |  0.05418     |  0.9795      | -0.9796      |  0.9794      | -0.9751      |  0.9672      |  0.9837      |
# Omegac[03000:01] =  0.2592      +/-  1.183       | -0.9792      |  1           |  0.8094      | -0.9929      | -0.9966      | -0.9869      |  0.9554      | -0.9907      | -0.09701     | -0.9991      |  0.999       | -0.9994      |  0.9896      | -0.9782      | -0.9719      |
#    w_0[03000:07] = -0.6721      +/-  1.811       | -0.8722      |  0.8094      |  1           | -0.7516      | -0.7845      | -0.8401      |  0.8086      | -0.815       |  0.03967     | -0.81        |  0.8094      | -0.8085      |  0.8112      | -0.8075      | -0.781       |
#    w_1[03000:08] = -1.254       +/-  3.198       |  0.9624      | -0.9929      | -0.7516      |  1           |  0.9935      |  0.9662      | -0.9413      |  0.981       |  0.1206      |  0.9922      | -0.9924      |  0.9928      | -0.9836      |  0.9725      |  0.966       |
#    w_2[03000:09] = -0.9359      +/-  4.511       |  0.972       | -0.9966      | -0.7845      |  0.9935      |  1           |  0.9878      | -0.9684      |  0.9939      |  0.05489     |  0.9966      | -0.9961      |  0.9965      | -0.9871      |  0.9761      |  0.971       |
#    w_3[03000:10] = -0.4791      +/-  4.336       |  0.9743      | -0.9869      | -0.8401      |  0.9662      |  0.9878      |  1           | -0.9719      |  0.9878      |  0.02036     |  0.9865      | -0.9856      |  0.986       | -0.9755      |  0.9639      |  0.9604      |
#    w_4[03000:11] = -1.302       +/-  4.679       | -0.9474      |  0.9554      |  0.8086      | -0.9413      | -0.9684      | -0.9719      |  1           | -0.9839      |  0.1529      | -0.9592      |  0.957       | -0.9566      |  0.9532      | -0.9462      | -0.9376      |
#    w_5[03000:12] =  0.1273      +/-  13.92       |  0.9747      | -0.9907      | -0.815       |  0.981       |  0.9939      |  0.9878      | -0.9839      |  1           | -0.02903     |  0.9921      | -0.991       |  0.991       | -0.984       |  0.9746      |  0.9669      |
#    w_6[03000:13] = -2.055       +/-  1.787       |  0.05418     | -0.09701     |  0.03967     |  0.1206      |  0.05489     |  0.02036     |  0.1529      | -0.02903     |  1           |  0.07998     | -0.08952     |  0.09212     | -0.07367     |  0.06052     |  0.06381     |
#    w_7[03000:14] = -1.451       +/-  77.48       |  0.9795      | -0.9991      | -0.81        |  0.9922      |  0.9966      |  0.9865      | -0.9592      |  0.9921      |  0.07998     |  1           | -0.9998      |  0.9996      | -0.9935      |  0.9844      |  0.9722      |
#    w_8[03000:15] =  0.9999      +/-  143.2       | -0.9796      |  0.999       |  0.8094      | -0.9924      | -0.9961      | -0.9856      |  0.957       | -0.991       | -0.08952     | -0.9998      |  1           | -0.9999      |  0.9946      | -0.986       | -0.9724      |
#    w_9[03000:16] = -5           +/-  320         |  0.9794      | -0.9994      | -0.8085      |  0.9928      |  0.9965      |  0.986       | -0.9566      |  0.991       |  0.09212     |  0.9996      | -0.9999      |  1           | -0.9938      |  0.9845      |  0.9724      |
#   w_10[03000:17] =  1           +/-  75.3        | -0.9751      |  0.9896      |  0.8112      | -0.9836      | -0.9871      | -0.9755      |  0.9532      | -0.984       | -0.07367     | -0.9935      |  0.9946      | -0.9938      |  1           | -0.9978      | -0.9657      |
#   w_11[03000:18] = -0.01765     +/-  2.502       |  0.9672      | -0.9782      | -0.8075      |  0.9725      |  0.9761      |  0.9639      | -0.9462      |  0.9746      |  0.06052     |  0.9844      | -0.986       |  0.9845      | -0.9978      |  1           |  0.9568      |
#     M1[14000:02] = -19.29       +/-  0.1092      |  0.9837      | -0.9719      | -0.781       |  0.966       |  0.971       |  0.9604      | -0.9376      |  0.9669      |  0.06381     |  0.9722      | -0.9724      |  0.9724      | -0.9657      |  0.9568      |  1           |
#                                                  ----------------------------------------------------------------------------------------------------------------------------------------------------------------------------------------------------------------------------------
