#----------------------------------------------------------------------------------
# Model fitting. Interating using:
#  - solver:            NLOpt:ln-neldermead
#  - differentiation:   Numerical differentiantion (forward)
#.....................................................................................................................................................................................................................
#  Minimum found with precision: |df|/f =  1.00000e-08 and |dx| =  1.00000e-05
#  Elapsed time: 00 days, 00:00:39.3698520
#  iteration            [002047]
#  function evaluations [002049]
#  gradient evaluations [000000]
#  degrees of freedom   [001687]
#  m2lnL     =     1500.24302965425 (     1456.1394  0.0096859062     2.0964935    0.87992164     5.9671623      1.334087    0.91456055     6.2733886     8.2297278      18.39857 )
#  Fit parameters:
#     71.3928155518837     0.291282352147703   -0.746804394996292   -1.10581978795302    -1.27614272362986    -1.35213306478312    -0.250913343263173   -2.29852917874888    -1.04599096825467    -1.4167293532497     -1.3175112189399     -0.765968288221225   -1.68200031389601    -19.3049197295687    
#----------------------------------------------------------------------------------
# Restarting:              yes
#  - absolute improvement: 881.183885675678      
#  - relative improvement: 0.370023484660917     
#  - m2lnL_0  :            2381.42691532993      
#  - m2lnL_1  :            1500.24302965425      
#----------------------------------------------------------------------------------
# Model fitting. Interating using:
#  - solver:            NLOpt:ln-neldermead
#  - differentiation:   Numerical differentiantion (forward)
#...............................................................................................................................................................................................................................................................................................................................................................................................................................................................................
#  Minimum found with precision: |df|/f =  1.00000e-08 and |dx| =  1.00000e-05
#  Elapsed time: 00 days, 00:01:43.5994550
#  iteration            [004547]
#  function evaluations [004549]
#  gradient evaluations [000000]
#  degrees of freedom   [001687]
#  m2lnL     =     1483.23072906827 (     1453.7536   0.016455794     1.3767309    0.71605434      3.102517    0.69533539    0.77664103      1.283429      2.386587     19.123367 )
#  Fit parameters:
#     71.323715289727      0.270775961415187   -0.31992487141546    -0.940731777978839   -1.09223854642158    -1.40828405512903    -0.435845906314013   -0.717142838025571   -2.20678171087936     0.161116454764185   -4.95097297974872     0.878970976228088   -0.0128143602159128  -19.2916596450248    
#----------------------------------------------------------------------------------
# Restarting:              yes
#  - absolute improvement: 17.0123005859787      
#  - relative improvement: 0.0113396964689777    
#  - m2lnL_1  :            1500.24302965425      
#  - m2lnL_2  :            1483.23072906827      
#----------------------------------------------------------------------------------
# Model fitting. Interating using:
#  - solver:            NLOpt:ln-neldermead
#  - differentiation:   Numerical differentiantion (forward)
#.............................................................................................................................................................................................................................................................................
#  Minimum found with precision: |df|/f =  1.00000e-08 and |dx| =  1.00000e-05
#  Elapsed time: 00 days, 00:01:08.2089930
#  iteration            [002606]
#  function evaluations [002608]
#  gradient evaluations [000000]
#  degrees of freedom   [001687]
#  m2lnL     =     1480.32095416672 (      1450.617   0.011906985     1.2952323      1.057566     3.1139838    0.57487563    0.66268377     1.2799111     1.9880538     19.719733 )
#  Fit parameters:
#     71.2784803534204     0.243177831118021   -0.127625588468734   -1.01398522217321    -0.874440773344386   -0.786727601857575   -0.698652863365639   -0.452461069414028   -2.36734003647758     0.999963749313035   -2.84807325636805     0.319332277619196   -0.0205334479622251  -19.2860468270001    
#----------------------------------------------------------------------------------
# Restarting:              yes
#  - absolute improvement: 2.90977490154592      
#  - relative improvement: 0.00196178170025763   
#  - m2lnL_2  :            1483.23072906827      
#  - m2lnL_3  :            1480.32095416672      
#----------------------------------------------------------------------------------
# Model fitting. Interating using:
#  - solver:            NLOpt:ln-neldermead
#  - differentiation:   Numerical differentiantion (forward)
#....................................................................................................................................................................................................................
#  Minimum found with precision: |df|/f =  1.00000e-08 and |dx| =  1.00000e-05
#  Elapsed time: 00 days, 00:00:53.1005050
#  iteration            [002039]
#  function evaluations [002041]
#  gradient evaluations [000000]
#  degrees of freedom   [001687]
#  m2lnL     =     1480.22598077344 (     1450.5388   0.012611566     1.3309219     1.1132692     3.1215226    0.64661777    0.64849319     1.3802659     2.1153163     19.318183 )
#  Fit parameters:
#     71.4225162371636     0.217479953967084   -0.345693382148558   -1.01127276397769    -0.864395341132093   -0.665294772408881   -0.655540932265691   -0.42543731375845    -2.07371418537293     0.999832429108141   -2.4851981077287      0.567574291827334   -0.0366759964002043  -19.287567865244     
#----------------------------------------------------------------------------------
# Restarting:              yes
#  - absolute improvement: 0.0949733932804975    
#  - relative improvement: 6.41572984650199e-05  
#  - m2lnL_3  :            1480.32095416672      
#  - m2lnL_4  :            1480.22598077344      
#----------------------------------------------------------------------------------
# Model fitting. Interating using:
#  - solver:            NLOpt:ln-neldermead
#  - differentiation:   Numerical differentiantion (forward)
#........................................................................................................................................................................................................................................................................................................................................................................................................................................................
#  Minimum found with precision: |df|/f =  1.00000e-08 and |dx| =  1.00000e-05
#  Elapsed time: 00 days, 00:01:51.5370640
#  iteration            [004310]
#  function evaluations [004312]
#  gradient evaluations [000000]
#  degrees of freedom   [001687]
#  m2lnL     =     1480.17307116618 (     1450.4025   0.011047286     1.3717056     1.1922883     3.0943241    0.61688889    0.68033399     1.2646809     1.9495991     19.589688 )
#  Fit parameters:
#     71.5015865751475     0.241125760753132   -0.48636481202558    -1.12761320220056    -0.954054188666131   -0.631859752819409   -0.731588094391746   -0.488149133922483   -2.2833989197466      0.973461069830212   -2.89789917943682     0.312588404827273   -0.0207967687908076  -19.2879112446603    
#----------------------------------------------------------------------------------
# Restarting:              yes
#  - absolute improvement: 0.0529096072591528    
#  - relative improvement: 3.57442768512323e-05  
#  - m2lnL_4  :            1480.22598077344      
#  - m2lnL_5  :            1480.17307116618      
#----------------------------------------------------------------------------------
# Model fitting. Interating using:
#  - solver:            NLOpt:ln-neldermead
#  - differentiation:   Numerical differentiantion (forward)
#...................................................................................
#  Minimum found with precision: |df|/f =  1.00000e-08 and |dx| =  1.00000e-05
#  Elapsed time: 00 days, 00:00:19.1302040
#  iteration            [000746]
#  function evaluations [000748]
#  gradient evaluations [000000]
#  degrees of freedom   [001687]
#  m2lnL     =     1480.15627474251 (     1450.4151   0.011089298     1.3713758     1.1972058      3.088953    0.62327955    0.67859961     1.2613711     1.9496464     19.559613 )
#  Fit parameters:
#     71.4984331810692     0.241575624142031   -0.488618367119315   -1.13054518622311    -0.955589567072772   -0.630162115465123   -0.736097735670094   -0.48209171725975    -2.30114400481419     0.999993065121719   -2.947126564602       0.332084099281632   -0.0219858656305196  -19.2880170556405    
#----------------------------------------------------------------------------------
# Restarting:              yes
#  - absolute improvement: 0.0167964236720763    
#  - relative improvement: 1.13476079245537e-05  
#  - m2lnL_5  :            1480.17307116618      
#  - m2lnL_6  :            1480.15627474251      
#----------------------------------------------------------------------------------
# Model fitting. Interating using:
#  - solver:            NLOpt:ln-neldermead
#  - differentiation:   Numerical differentiantion (forward)
#......................................
#  Minimum found with precision: |df|/f =  1.00000e-08 and |dx| =  1.00000e-05
#  Elapsed time: 00 days, 00:00:07.4805210
#  iteration            [000291]
#  function evaluations [000293]
#  gradient evaluations [000000]
#  degrees of freedom   [001687]
#  m2lnL     =     1480.15620137785 (     1450.4043   0.011009707     1.3725776     1.1959029      3.092221    0.62221956    0.67822505     1.2629297     1.9501419     19.566702 )
#  Fit parameters:
#     71.5029456958043     0.241515291630428   -0.489877303407164   -1.13053101133776    -0.955606067984618   -0.62991885439392    -0.736069189572546   -0.482175266674183   -2.30233087281398     0.999997481267611   -2.94532844917854     0.331669679493264   -0.0219652247082511  -19.2879444391082    
#----------------------------------------------------------------------------------
# Restarting:              no
#  - absolute improvement: 7.33646591015713e-05  
#  - relative improvement: 4.95654819382729e-08  
#  - m2lnL_6  :            1480.15627474251      
#  - m2lnL_7  :            1480.15620137785      
#----------------------------------------------------------------------------------
# Data used:
#   - Pantheon+SH0ES Sample STAT+SYS (2022)
#   - 6dFGRS -- Beutler (2011), BAO Sample R-Dv
#   - SDSS-DR7-lowz -- Ross (2015), Empirical m2lnp
#   - SDSS DR12 (final consensus) -- Ross et al. (2016), arXiv:1607.03145; Alam
#        et al. (2016), arXiv:1607.03155; BAO Sample(D_t / r_sd, DH / r_sd) --
#        DR16 Compatible
#   - SDSS DR16 -- Alam et al., PRD 103, 083533 (2021); BAO LRG Sample(D_t /
#        r_sd, DH / r_sd)
#   - SDSS DR16 -- Alam et al., PRD 103, 083533 (2021); BAO QSO Sample(D_t /
#        r_sd, DH / r_sd)
#   - SDSS DR16 -- Alam et al., PRD 103, 083533 (2021) -- BAO ELG Sample,
#        Empirical m2lnp
#   - SDSS DR16 -- Alam et al., PRD 103, 083533 (2021) -- BAO Lyman alpha
#        autocorrelation Sample, Empirical m2lnp
#   - SDSS DR16 -- Alam et al., PRD 103, 083533 (2021) -- BAO Lyman alpha QSO
#        cross-correlation Sample, Empirical m2lnp
#   - Gomez-Valent 2018 -- arXiv:1802.01505
#----------------------------------------------------------------------------------
# Model[03000]:
#   - NcHICosmo : XCDM - Constant EOS
#----------------------------------------------------------------------------------
# Model parameters
#   -           H0[00]:  71.5029456958043    [FREE]
#   -       Omegac[01]:  0.241515291630428   [FREE]
#   -       Omegak[02]:  0                   [FIXED]
#   -      Tgamma0[03]:  2.7245              [FIXED]
#   -           Yp[04]:  0.24                [FIXED]
#   -         ENnu[05]:  3.046               [FIXED]
#   -       Omegab[06]:  0.05                [FIXED]
#   -          w_0[07]: -0.489877303407164   [FREE]
#   -          w_1[08]: -1.13053101133776    [FREE]
#   -          w_2[09]: -0.955606067984618   [FREE]
#   -          w_3[10]: -0.62991885439392    [FREE]
#   -          w_4[11]: -0.736069189572546   [FREE]
#   -          w_5[12]: -0.482175266674183   [FREE]
#   -          w_6[13]: -2.30233087281398    [FREE]
#   -          w_7[14]:  0.999997481267611   [FREE]
#   -          w_8[15]: -2.94532844917854    [FREE]
#   -          w_9[16]:  0.331669679493264   [FREE]
#   -         w_10[17]: -0.0219652247082511  [FREE]
#----------------------------------------------------------------------------------
# Model[14000]:
#   - NcSNIADistCov : Supernovae Ia Distance Covariance
#----------------------------------------------------------------------------------
# Model parameters
#   -        alpha[00]:  0                   [FIXED]
#   -         beta[01]:  0                   [FIXED]
#   -           M1[02]: -19.2879444391082    [FREE]
#   -           M2[03]: -19.25               [FIXED]
#   - lnsigma_pecz[04]: -34.5387763949107    [FIXED]
#   - lnsigma_lens[05]: -34.5387763949107    [FIXED]
#----------------------------------------------------------------------------------
# NcmMSet parameters covariance matrix
#                                                  -------------------------------------------------------------------------------------------------------------------------------------------------------------------------------------------------------------------
#     H0[03000:00] =  71.5        +/-  1.187       |  1           | -0.01609     | -0.6533      | -0.2593      | -0.2641      |  0.252       | -0.09671     |  0.009771    | -0.04228     |  0.00773     | -0.02181     |  0.0005654   | -0.002602    |  0.6516      |
# Omegac[03000:01] =  0.2415      +/-  0.1567      | -0.01609     |  1           | -0.1378      | -0.7648      | -0.8124      | -0.4479      | -0.6222      | -0.4222      | -0.6331      | -0.01473     | -0.7585      | -0.7844      |  0.7868      | -0.03421     |
#    w_0[03000:07] = -0.4899      +/-  1.038       | -0.6533      | -0.1378      |  1           |  0.5895      |  0.5655      | -0.4129      |  0.2474      |  0.06232     |  0.1215      | -0.001675    |  0.1364      |  0.1503      | -0.1324      |  0.08236     |
#    w_1[03000:08] = -1.131       +/-  0.5623      | -0.2593      | -0.7648      |  0.5895      |  1           |  0.8983      | -0.1311      |  0.6148      |  0.3249      |  0.5022      |  0.009908    |  0.5905      |  0.6195      | -0.6132      |  0.06943     |
#    w_2[03000:09] = -0.9556      +/-  0.4961      | -0.2641      | -0.8124      |  0.5655      |  0.8983      |  1           |  0.2319      |  0.4069      |  0.4282      |  0.4689      |  0.07177     |  0.6017      |  0.688       | -0.6842      |  0.06697     |
#    w_3[03000:10] = -0.6299      +/-  0.652       |  0.252       | -0.4479      | -0.4129      | -0.1311      |  0.2319      |  1           | -0.09197     |  0.2027      |  0.2467      |  0.01709     |  0.3354      |  0.3427      | -0.3485      | -0.03391     |
#    w_4[03000:11] = -0.7361      +/-  0.6698      | -0.09671     | -0.6222      |  0.2474      |  0.6148      |  0.4069      | -0.09197     |  1           | -0.1485      |  0.6312      | -0.2493      |  0.6113      |  0.3715      | -0.3525      |  0.01244     |
#    w_5[03000:12] = -0.4822      +/-  0.9169      |  0.009771    | -0.4222      |  0.06232     |  0.3249      |  0.4282      |  0.2027      | -0.1485      |  1           | -0.3176      |  0.6117      |  0.01131     |  0.6195      | -0.6598      |  0.03115     |
#    w_6[03000:13] = -2.302       +/-  2.604       | -0.04228     | -0.6331      |  0.1215      |  0.5022      |  0.4689      |  0.2467      |  0.6312      | -0.3176      |  1           | -0.6326      |  0.794       |  0.2067      | -0.1651      | -0.01662     |
#    w_7[03000:14] =  1           +/-  2.831       |  0.00773     | -0.01473     | -0.001675    |  0.009908    |  0.07177     |  0.01709     | -0.2493      |  0.6117      | -0.6326      |  1           | -0.5838      |  0.5035      | -0.5648      |  0.01269     |
#    w_8[03000:15] = -2.945       +/-  5.202       | -0.02181     | -0.7585      |  0.1364      |  0.5905      |  0.6017      |  0.3354      |  0.6113      |  0.01131     |  0.794       | -0.5838      |  1           |  0.2318      | -0.219       |  0.01256     |
#    w_9[03000:16] =  0.3317      +/-  3.47        |  0.0005654   | -0.7844      |  0.1503      |  0.6195      |  0.688       |  0.3427      |  0.3715      |  0.6195      |  0.2067      |  0.5035      |  0.2318      |  1           | -0.9914      |  0.06194     |
#   w_10[03000:17] = -0.02197     +/-  0.2183      | -0.002602    |  0.7868      | -0.1324      | -0.6132      | -0.6842      | -0.3485      | -0.3525      | -0.6598      | -0.1651      | -0.5648      | -0.219       | -0.9914      |  1           | -0.04382     |
#     M1[14000:02] = -19.29       +/-  0.02536     |  0.6516      | -0.03421     |  0.08236     |  0.06943     |  0.06697     | -0.03391     |  0.01244     |  0.03115     | -0.01662     |  0.01269     |  0.01256     |  0.06194     | -0.04382     |  1           |
#                                                  -------------------------------------------------------------------------------------------------------------------------------------------------------------------------------------------------------------------
