#----------------------------------------------------------------------------------
# Model fitting. Interating using:
#  - solver:            NLOpt:ln-neldermead
#  - differentiation:   Numerical differentiantion (forward)
#..............................................................................................................................................................................................................................................................
#  Minimum found with precision: |df|/f =  1.00000e-08 and |dx| =  1.00000e-05
#  Elapsed time: 00 days, 00:00:43.2869990
#  iteration            [002457]
#  function evaluations [002459]
#  gradient evaluations [000000]
#  degrees of freedom   [001689]
#  m2lnL     =      1484.6909377243 (     1452.4692  0.00041955323     1.8383899    0.88018226     5.5168893     3.2224771    0.87077938    0.16897746    0.80190066      18.92176 )
#  Fit parameters:
#     71.8673305134609     0.303737889988304   -0.220987700990988   -0.681141944308831   -1.03810636187244    -0.980966182426121   -0.616624869124837   -1.06513755461268    -0.979538925352285   -1.10513057821741    -0.657032322797831   -19.2838455871922    
#----------------------------------------------------------------------------------
# Restarting:              yes
#  - absolute improvement: 896.735977605631      
#  - relative improvement: 0.376554061698507     
#  - m2lnL_0  :            2381.42691532993      
#  - m2lnL_1  :            1484.6909377243       
#----------------------------------------------------------------------------------
# Model fitting. Interating using:
#  - solver:            NLOpt:ln-neldermead
#  - differentiation:   Numerical differentiantion (forward)
#......................................................................................................................................................................................................................................................................................................
#  Minimum found with precision: |df|/f =  1.00000e-08 and |dx| =  1.00000e-05
#  Elapsed time: 00 days, 00:00:58.6985440
#  iteration            [002857]
#  function evaluations [002859]
#  gradient evaluations [000000]
#  degrees of freedom   [001689]
#  m2lnL     =     1480.58222913365 (     1450.4834  0.0081560795     1.4235362    0.97841626     4.2074899     1.0594023    0.83997455    0.42029837    0.81323887     20.348322 )
#  Fit parameters:
#     71.5978094140685     0.284695655762707   -0.0905116973157638  -0.491549245417801   -1.11180649507963    -0.926618485560823   -0.532467036141284   -1.34743985305646    -0.903950360265383   -1.93301472184131     0.109175318331698   -19.2849892408811    
#----------------------------------------------------------------------------------
# Restarting:              yes
#  - absolute improvement: 4.10870859064607      
#  - relative improvement: 0.0027673830871116    
#  - m2lnL_1  :            1484.6909377243       
#  - m2lnL_2  :            1480.58222913365      
#----------------------------------------------------------------------------------
# Model fitting. Interating using:
#  - solver:            NLOpt:ln-neldermead
#  - differentiation:   Numerical differentiantion (forward)
#.......................................................................................................................................................................................................
#  Minimum found with precision: |df|/f =  1.00000e-08 and |dx| =  1.00000e-05
#  Elapsed time: 00 days, 00:00:39.6073990
#  iteration            [001909]
#  function evaluations [001911]
#  gradient evaluations [000000]
#  degrees of freedom   [001689]
#  m2lnL     =     1480.53567065171 (     1450.2574  0.0076327969     1.4123276    0.99170351     4.2377727     0.9983375    0.82464465    0.38233257    0.75390731     20.669565 )
#  Fit parameters:
#     71.5277163108744     0.261238921802568   -0.0986149044800986  -0.40332574027131    -1.04594874412938    -0.849023333416885   -0.499325595601196   -1.18532741127992    -0.800550261724375   -0.866679634879191    0.0417274855379038  -19.2846439995133    
#----------------------------------------------------------------------------------
# Restarting:              yes
#  - absolute improvement: 0.0465584819423839    
#  - relative improvement: 3.14460629246018e-05  
#  - m2lnL_2  :            1480.58222913365      
#  - m2lnL_3  :            1480.53567065171      
#----------------------------------------------------------------------------------
# Model fitting. Interating using:
#  - solver:            NLOpt:ln-neldermead
#  - differentiation:   Numerical differentiantion (forward)
#..............................................................................
#  Minimum found with precision: |df|/f =  1.00000e-08 and |dx| =  1.00000e-05
#  Elapsed time: 00 days, 00:00:14.5267330
#  iteration            [000698]
#  function evaluations [000700]
#  gradient evaluations [000000]
#  degrees of freedom   [001689]
#  m2lnL     =     1480.52845917059 (     1450.2914  0.0083640908      1.405884    0.98094971     4.2030044     1.0049738    0.83058185     0.3887074    0.75067266     20.663926 )
#  Fit parameters:
#     71.5646371981759     0.258530678452937   -0.0973915330239207  -0.425009084840251   -1.03406018833923    -0.844756261072484   -0.509078924983638   -1.15959615403088    -0.789284941103579   -0.84241481992873     0.0402886307902161  -19.2845335964138    
#----------------------------------------------------------------------------------
# Restarting:              yes
#  - absolute improvement: 0.0072114811175652    
#  - relative improvement: 4.87085941967938e-06  
#  - m2lnL_3  :            1480.53567065171      
#  - m2lnL_4  :            1480.52845917059      
#----------------------------------------------------------------------------------
# Model fitting. Interating using:
#  - solver:            NLOpt:ln-neldermead
#  - differentiation:   Numerical differentiantion (forward)
#.................................
#  Minimum found with precision: |df|/f =  1.00000e-08 and |dx| =  1.00000e-05
#  Elapsed time: 00 days, 00:00:05.0458690
#  iteration            [000243]
#  function evaluations [000245]
#  gradient evaluations [000000]
#  degrees of freedom   [001689]
#  m2lnL     =     1480.52836676353 (     1450.2857  0.0083813514     1.4050213    0.98316578     4.2077627     1.0010508    0.82966457    0.38958516    0.75046881       20.6676 )
#  Fit parameters:
#     71.567046701441      0.258373420959812   -0.0973532471380251  -0.424212854224338   -1.0340188827467     -0.844343839692007   -0.508669306032237   -1.15983138041061    -0.786591301036472   -0.840573778309169    0.0402725592350888  -19.284463618505     
#----------------------------------------------------------------------------------
# Restarting:              no
#  - absolute improvement: 9.24070600376581e-05  
#  - relative improvement: 6.24149164207392e-08  
#  - m2lnL_4  :            1480.52845917059      
#  - m2lnL_5  :            1480.52836676353      
#----------------------------------------------------------------------------------
# Data used:
#   - Pantheon+SH0ES Sample STAT+SYS (2022)
#   - 6dFGRS -- Beutler (2011), BAO Sample R-Dv
#   - SDSS-DR7-lowz -- Ross (2015), Empirical m2lnp
#   - SDSS DR12 (final consensus) -- Ross et al. (2016), arXiv:1607.03145; Alam
#        et al. (2016), arXiv:1607.03155; BAO Sample(D_t / r_sd, DH / r_sd) --
#        DR16 Compatible
#   - SDSS DR16 -- Alam et al., PRD 103, 083533 (2021); BAO LRG Sample(D_t /
#        r_sd, DH / r_sd)
#   - SDSS DR16 -- Alam et al., PRD 103, 083533 (2021); BAO QSO Sample(D_t /
#        r_sd, DH / r_sd)
#   - SDSS DR16 -- Alam et al., PRD 103, 083533 (2021) -- BAO ELG Sample,
#        Empirical m2lnp
#   - SDSS DR16 -- Alam et al., PRD 103, 083533 (2021) -- BAO Lyman alpha
#        autocorrelation Sample, Empirical m2lnp
#   - SDSS DR16 -- Alam et al., PRD 103, 083533 (2021) -- BAO Lyman alpha QSO
#        cross-correlation Sample, Empirical m2lnp
#   - Gomez-Valent 2018 -- arXiv:1802.01505
#----------------------------------------------------------------------------------
# Model[03000]:
#   - NcHICosmo : XCDM - Constant EOS
#----------------------------------------------------------------------------------
# Model parameters
#   -           H0[00]:  71.567046701441     [FREE]
#   -       Omegac[01]:  0.258373420959812   [FREE]
#   -       Omegak[02]: -0.0973532471380251  [FREE]
#   -      Tgamma0[03]:  2.7245              [FIXED]
#   -           Yp[04]:  0.24                [FIXED]
#   -         ENnu[05]:  3.046               [FIXED]
#   -       Omegab[06]:  0.05                [FIXED]
#   -          w_0[07]: -0.424212854224338   [FREE]
#   -          w_1[08]: -1.0340188827467     [FREE]
#   -          w_2[09]: -0.844343839692007   [FREE]
#   -          w_3[10]: -0.508669306032237   [FREE]
#   -          w_4[11]: -1.15983138041061    [FREE]
#   -          w_5[12]: -0.786591301036472   [FREE]
#   -          w_6[13]: -0.840573778309169   [FREE]
#   -          w_7[14]:  0.0402725592350888  [FREE]
#----------------------------------------------------------------------------------
# Model[14000]:
#   - NcSNIADistCov : Supernovae Ia Distance Covariance
#----------------------------------------------------------------------------------
# Model parameters
#   -        alpha[00]:  0                   [FIXED]
#   -         beta[01]:  0                   [FIXED]
#   -           M1[02]: -19.284463618505     [FREE]
#   -           M2[03]: -19.25               [FIXED]
#   - lnsigma_pecz[04]: -34.5387763949107    [FIXED]
#   - lnsigma_lens[05]: -34.5387763949107    [FIXED]
#----------------------------------------------------------------------------------
# NcmMSet parameters covariance matrix
#                                                  -------------------------------------------------------------------------------------------------------------------------------------------------------------------------------------
#     H0[03000:00] =  71.57       +/-  1.09        |  1           |  0.02104     | -0.1042      | -0.58        | -0.04208     | -0.2872      |  0.1463      | -0.1248      | -0.04572     | -0.02546     | -0.002961    |  0.7543      |
# Omegac[03000:01] =  0.2584      +/-  0.09779     |  0.02104     |  1           | -0.1345      | -0.1079      | -0.8156      | -0.6721      | -0.4675      | -0.7367      | -0.799       | -0.9427      |  0.8307      |  0.01794     |
# Omegak[03000:02] = -0.09735     +/-  0.09143     | -0.1042      | -0.1345      |  1           |  0.02872     | -0.1674      | -0.0748      | -0.1255      | -0.002227    | -0.07944     | -0.06145     |  0.3232      | -0.141       |
#    w_0[03000:07] = -0.4242      +/-  0.6186      | -0.58        | -0.1079      |  0.02872     |  1           |  0.2222      |  0.6447      | -0.2978      |  0.2588      |  0.08232     |  0.1477      | -0.1194      |  0.03135     |
#    w_1[03000:08] = -1.034       +/-  0.2451      | -0.04208     | -0.8156      | -0.1674      |  0.2222      |  1           |  0.8412      |  0.08606     |  0.7729      |  0.6709      |  0.8161      | -0.8222      |  0.02815     |
#    w_2[03000:09] = -0.8443      +/-  0.2973      | -0.2872      | -0.6721      | -0.0748      |  0.6447      |  0.8412      |  1           |  0.03879     |  0.5941      |  0.5717      |  0.6985      | -0.6541      |  0.03042     |
#    w_3[03000:10] = -0.5087      +/-  0.3164      |  0.1463      | -0.4675      | -0.1255      | -0.2978      |  0.08606     |  0.03879     |  1           | -0.02233     |  0.4808      |  0.5175      | -0.4275      | -0.0119      |
#    w_4[03000:11] = -1.16        +/-  0.6247      | -0.1248      | -0.7367      | -0.002227    |  0.2588      |  0.7729      |  0.5941      | -0.02233     |  1           |  0.4708      |  0.6675      | -0.702       | -0.02532     |
#    w_5[03000:12] = -0.7866      +/-  0.7067      | -0.04572     | -0.799       | -0.07944     |  0.08232     |  0.6709      |  0.5717      |  0.4808      |  0.4708      |  1           |  0.722       | -0.623       | -0.03865     |
#    w_6[03000:13] = -0.8406      +/-  1.545       | -0.02546     | -0.9427      | -0.06145     |  0.1477      |  0.8161      |  0.6985      |  0.5175      |  0.6675      |  0.722       |  1           | -0.9444      |  0.02721     |
#    w_7[03000:14] =  0.04027     +/-  0.08329     | -0.002961    |  0.8307      |  0.3232      | -0.1194      | -0.8222      | -0.6541      | -0.4275      | -0.702       | -0.623       | -0.9444      |  1           | -0.04091     |
#     M1[14000:02] = -19.28       +/-  0.02555     |  0.7543      |  0.01794     | -0.141       |  0.03135     |  0.02815     |  0.03042     | -0.0119      | -0.02532     | -0.03865     |  0.02721     | -0.04091     |  1           |
#                                                  -------------------------------------------------------------------------------------------------------------------------------------------------------------------------------------
