#----------------------------------------------------------------------------------
# Model fitting. Interating using:
#  - solver:            NLOpt:ln-neldermead
#  - differentiation:   Numerical differentiantion (forward)
#...................................................................................................................................................................................................................................
#  Minimum found with precision: |df|/f =  1.00000e-08 and |dx| =  1.00000e-05
#  Elapsed time: 00 days, 00:00:42.8257130
#  iteration            [002186]
#  function evaluations [002188]
#  gradient evaluations [000000]
#  degrees of freedom   [001689]
#  m2lnL     =     1501.13593616023 (     1461.3472    0.46526076     4.2494022     4.0883289     7.9322131     3.9525057    0.99900675   0.029299144    0.53755864      17.53512 )
#  Fit parameters:
#     72.5413741108209    -0.134392732692393   -1.34549520441789    -1.15713537078067    -1.1398941671798     -0.520085502174013   -0.986284358622803   -1.0303339595638     -1.19492778858624    -0.934629709753211   -1.26070457067646    -19.2987816589706    
#----------------------------------------------------------------------------------
# Restarting:              yes
#  - absolute improvement: 880.290979169699      
#  - relative improvement: 0.369648538656809     
#  - m2lnL_0  :            2381.42691532993      
#  - m2lnL_1  :            1501.13593616023      
#----------------------------------------------------------------------------------
# Model fitting. Interating using:
#  - solver:            NLOpt:ln-neldermead
#  - differentiation:   Numerical differentiantion (forward)
#........................................................................................................................................................................................................................................................................................................................................................
#  Minimum found with precision: |df|/f =  1.00000e-08 and |dx| =  1.00000e-05
#  Elapsed time: 00 days, 00:01:17.3847430
#  iteration            [003355]
#  function evaluations [003357]
#  gradient evaluations [000000]
#  degrees of freedom   [001689]
#  m2lnL     =     1481.26539154794 (     1451.0052  0.0024597989     1.6190749    0.96825183     3.8657205    0.59004563    0.83948869    0.73096257     1.1897208      20.45446 )
#  Fit parameters:
#     71.5007000581108    -0.0481198008375597  -0.688126015497988   -1.16711042752134    -1.01535633168847    -0.423432278237525   -0.919807047059697   -1.22427890203514    -0.638098209233332   -1.01265750222385     0.0592312066977793  -19.2923741488811    
#----------------------------------------------------------------------------------
# Restarting:              yes
#  - absolute improvement: 19.8705446122881      
#  - relative improvement: 0.0132370054794073    
#  - m2lnL_1  :            1501.13593616023      
#  - m2lnL_2  :            1481.26539154794      
#----------------------------------------------------------------------------------
# Model fitting. Interating using:
#  - solver:            NLOpt:ln-neldermead
#  - differentiation:   Numerical differentiantion (forward)
#..........................................................................................................................................................................................................................................
#  Minimum found with precision: |df|/f =  1.00000e-08 and |dx| =  1.00000e-05
#  Elapsed time: 00 days, 00:00:47.7143620
#  iteration            [002259]
#  function evaluations [002261]
#  gradient evaluations [000000]
#  degrees of freedom   [001689]
#  m2lnL     =     1480.35195899475 (     1450.0375  0.0099246116     1.3709354     1.0106855     4.0572399    0.91360761    0.79374375    0.30496828    0.64936448     21.204038 )
#  Fit parameters:
#     71.5071851948448    -0.116858144907176   -0.386335030167381   -0.984202693025694   -0.83966341460281    -0.575623606776167   -0.699649041487904   -1.30675813524081    -0.468843750227574   -0.685458493455362    0.0333421986913558  -19.2852081317885    
#----------------------------------------------------------------------------------
# Restarting:              yes
#  - absolute improvement: 0.913432553192251     
#  - relative improvement: 0.000616656919417866  
#  - m2lnL_2  :            1481.26539154794      
#  - m2lnL_3  :            1480.35195899475      
#----------------------------------------------------------------------------------
# Model fitting. Interating using:
#  - solver:            NLOpt:ln-neldermead
#  - differentiation:   Numerical differentiantion (forward)
#.............................................................................................................................
#  Minimum found with precision: |df|/f =  1.00000e-08 and |dx| =  1.00000e-05
#  Elapsed time: 00 days, 00:00:25.8250560
#  iteration            [001163]
#  function evaluations [001165]
#  gradient evaluations [000000]
#  degrees of freedom   [001689]
#  m2lnL     =     1480.25736399172 (     1449.4808    0.00905904     1.3702831    0.95752109     4.0062422    0.67839358    0.72785114    0.33080214    0.64108301     22.055313 )
#  Fit parameters:
#     71.5443753888262    -0.121991040871291   -0.333254075445626   -0.963807313375457   -0.831706568545782   -0.618492030696742   -0.600943111670591   -1.55246756940582    -0.29231522081107    -0.658642680224396    0.0382414777534352  -19.282865805966     
#----------------------------------------------------------------------------------
# Restarting:              yes
#  - absolute improvement: 0.0945950030311451    
#  - relative improvement: 6.39003464388165e-05  
#  - m2lnL_3  :            1480.35195899475      
#  - m2lnL_4  :            1480.25736399172      
#----------------------------------------------------------------------------------
# Model fitting. Interating using:
#  - solver:            NLOpt:ln-neldermead
#  - differentiation:   Numerical differentiantion (forward)
#..............................
#  Minimum found with precision: |df|/f =  1.00000e-08 and |dx| =  1.00000e-05
#  Elapsed time: 00 days, 00:00:04.9663290
#  iteration            [000218]
#  function evaluations [000220]
#  gradient evaluations [000000]
#  degrees of freedom   [001689]
#  m2lnL     =     1480.25732443359 (      1449.476  0.0091744339     1.3684664    0.96018064       4.00875    0.67953556    0.72726677    0.32857522    0.63856621     22.060828 )
#  Fit parameters:
#     71.5439030698133    -0.122359611940043   -0.332902995138774   -0.963692549966215   -0.831425451629064   -0.617732460964035   -0.600830772809986   -1.55205832634701    -0.291234306634757   -0.657802765158894    0.0381485766683288  -19.2828536038889    
#----------------------------------------------------------------------------------
# Restarting:              no
#  - absolute improvement: 3.95581287193636e-05  
#  - relative improvement: 2.67238182235349e-08  
#  - m2lnL_4  :            1480.25736399172      
#  - m2lnL_5  :            1480.25732443359      
#----------------------------------------------------------------------------------
# Data used:
#   - Pantheon+SH0ES Sample STAT+SYS (2022)
#   - 6dFGRS -- Beutler (2011), BAO Sample R-Dv
#   - SDSS-DR7-lowz -- Ross (2015), Empirical m2lnp
#   - SDSS DR12 (final consensus) -- Ross et al. (2016), arXiv:1607.03145; Alam
#        et al. (2016), arXiv:1607.03155; BAO Sample(D_t / r_sd, DH / r_sd) --
#        DR16 Compatible
#   - SDSS DR16 -- Alam et al., PRD 103, 083533 (2021); BAO LRG Sample(D_t /
#        r_sd, DH / r_sd)
#   - SDSS DR16 -- Alam et al., PRD 103, 083533 (2021); BAO QSO Sample(D_t /
#        r_sd, DH / r_sd)
#   - SDSS DR16 -- Alam et al., PRD 103, 083533 (2021) -- BAO ELG Sample,
#        Empirical m2lnp
#   - SDSS DR16 -- Alam et al., PRD 103, 083533 (2021) -- BAO Lyman alpha
#        autocorrelation Sample, Empirical m2lnp
#   - SDSS DR16 -- Alam et al., PRD 103, 083533 (2021) -- BAO Lyman alpha QSO
#        cross-correlation Sample, Empirical m2lnp
#   - Gomez-Valent 2018 -- arXiv:1802.01505
#----------------------------------------------------------------------------------
# Model[03000]:
#   - NcHICosmo : XCDM - Constant EOS
#----------------------------------------------------------------------------------
# Model parameters
#   -           H0[00]:  71.5439030698133    [FREE]
#   -       Omegac[01]:  0.25                [FIXED]
#   -       Omegak[02]: -0.122359611940043   [FREE]
#   -      Tgamma0[03]:  2.7245              [FIXED]
#   -           Yp[04]:  0.24                [FIXED]
#   -         ENnu[05]:  3.046               [FIXED]
#   -       Omegab[06]:  0.05                [FIXED]
#   -          w_0[07]: -0.332902995138774   [FREE]
#   -          w_1[08]: -0.963692549966215   [FREE]
#   -          w_2[09]: -0.831425451629064   [FREE]
#   -          w_3[10]: -0.617732460964035   [FREE]
#   -          w_4[11]: -0.600830772809986   [FREE]
#   -          w_5[12]: -1.55205832634701    [FREE]
#   -          w_6[13]: -0.291234306634757   [FREE]
#   -          w_7[14]: -0.657802765158894   [FREE]
#   -          w_8[15]:  0.0381485766683288  [FREE]
#----------------------------------------------------------------------------------
# Model[14000]:
#   - NcSNIADistCov : Supernovae Ia Distance Covariance
#----------------------------------------------------------------------------------
# Model parameters
#   -        alpha[00]:  0                   [FIXED]
#   -         beta[01]:  0                   [FIXED]
#   -           M1[02]: -19.2828536038889    [FREE]
#   -           M2[03]: -19.25               [FIXED]
#   - lnsigma_pecz[04]: -34.5387763949107    [FIXED]
#   - lnsigma_lens[05]: -34.5387763949107    [FIXED]
#----------------------------------------------------------------------------------
# NcmMSet parameters covariance matrix
#                                                  -------------------------------------------------------------------------------------------------------------------------------------------------------------------------------------
#     H0[03000:00] =  71.54       +/-  1.109       |  1           | -0.06112     | -0.5875      | -0.1559      | -0.3904      |  0.1465      | -0.07363     | -0.02669     | -0.03895     | -0.05354     | -0.06405     |  0.7204      |
# Omegak[03000:02] = -0.1224      +/-  0.09762     | -0.06112     |  1           | -0.09566     | -0.4862      | -0.282       |  0.07106     | -0.3969      |  0.1794      | -0.3967      | -0.4389      |  0.6242      | -0.1692      |
#    w_0[03000:07] = -0.3329      +/-  0.6759      | -0.5875      | -0.09566     |  1           |  0.4939      |  0.8059      | -0.4243      |  0.265       | -0.1355      |  0.1645      |  0.2624      |  0.03971     |  0.07691     |
#    w_1[03000:08] = -0.9637      +/-  0.197       | -0.1559      | -0.4862      |  0.4939      |  1           |  0.7731      | -0.7582      |  0.5642      | -0.3451      |  0.3722      |  0.3839      | -0.1673      |  0.1297      |
#    w_2[03000:09] = -0.8314      +/-  0.2245      | -0.3904      | -0.282       |  0.8059      |  0.7731      |  1           | -0.4139      |  0.175       | -0.09316     |  0.1722      |  0.3036      | -0.128       |  0.09589     |
#    w_3[03000:10] = -0.6177      +/-  0.317       |  0.1465      |  0.07106     | -0.4243      | -0.7582      | -0.4139      |  1           | -0.6604      |  0.3684      | -0.2597      | -0.1807      | -0.1403      | -0.07796     |
#    w_4[03000:11] = -0.6008      +/-  0.4346      | -0.07363     | -0.3969      |  0.265       |  0.5642      |  0.175       | -0.6604      |  1           | -0.7032      |  0.5556      |  0.3965      |  0.05039     |  0.08954     |
#    w_5[03000:12] = -1.552       +/-  0.8476      | -0.02669     |  0.1794      | -0.1355      | -0.3451      | -0.09316     |  0.3684      | -0.7032      |  1           | -0.7901      | -0.3932      | -0.3106      | -0.102       |
#    w_6[03000:13] = -0.2912      +/-  0.6651      | -0.03895     | -0.3967      |  0.1645      |  0.3722      |  0.1722      | -0.2597      |  0.5556      | -0.7901      |  1           |  0.1041      |  0.2994      |  0.06809     |
#    w_7[03000:14] = -0.6578      +/-  0.4603      | -0.05354     | -0.4389      |  0.2624      |  0.3839      |  0.3036      | -0.1807      |  0.3965      | -0.3932      |  0.1041      |  1           | -0.6316      |  0.1609      |
#    w_8[03000:15] =  0.03815     +/-  0.0341      | -0.06405     |  0.6242      |  0.03971     | -0.1673      | -0.128       | -0.1403      |  0.05039     | -0.3106      |  0.2994      | -0.6316      |  1           | -0.06971     |
#     M1[14000:02] = -19.28       +/-  0.02573     |  0.7204      | -0.1692      |  0.07691     |  0.1297      |  0.09589     | -0.07796     |  0.08954     | -0.102       |  0.06809     |  0.1609      | -0.06971     |  1           |
#                                                  -------------------------------------------------------------------------------------------------------------------------------------------------------------------------------------
