#----------------------------------------------------------------------------------
# Model fitting. Interating using:
#  - solver:            NLOpt:ln-neldermead
#  - differentiation:   Numerical differentiantion (forward)
#...............................................................................................................................................................................................................
#  Minimum found with precision: |df|/f =  1.00000e-08 and |dx| =  1.00000e-05
#  Elapsed time: 00 days, 00:00:33.5509220
#  iteration            [001984]
#  function evaluations [001986]
#  gradient evaluations [000000]
#  degrees of freedom   [001691]
#  m2lnL     =     1489.57871659869 (     1460.1219   0.047881854     1.3405959      1.781259     2.2549132     1.5755298    0.99983292    0.54961558     1.0006337     19.906545 )
#  Fit parameters:
#     72.5925234180044    -0.0148189206542907  -1.56513289172754    -0.909062825303157   -1.13461176216965    -0.790140364400234   -0.541888542748754   -1.89850531295531     0.118427596229856   -19.2917834066513    
#----------------------------------------------------------------------------------
# Restarting:              yes
#  - absolute improvement: 891.848198731234      
#  - relative improvement: 0.374501603635263     
#  - m2lnL_0  :            2381.42691532993      
#  - m2lnL_1  :            1489.57871659869      
#----------------------------------------------------------------------------------
# Model fitting. Interating using:
#  - solver:            NLOpt:ln-neldermead
#  - differentiation:   Numerical differentiantion (forward)
#..................................................................................................................................................................................................................................
#  Minimum found with precision: |df|/f =  1.00000e-08 and |dx| =  1.00000e-05
#  Elapsed time: 00 days, 00:00:40.6101540
#  iteration            [002177]
#  function evaluations [002179]
#  gradient evaluations [000000]
#  degrees of freedom   [001691]
#  m2lnL     =     1481.20116040147 (     1451.2185  0.0095277734      1.310867     1.3263874     3.4097976     1.2494472    0.92367334    0.43759725    0.89719121     20.418211 )
#  Fit parameters:
#     71.3441871603171    -0.0833658287336699  -0.175736723735577   -0.964971601858312   -0.702871482501159   -0.754303378291286   -0.904401558067674   -0.828487023460932    0.0307629307565652  -19.2846097205612    
#----------------------------------------------------------------------------------
# Restarting:              yes
#  - absolute improvement: 8.37755619722407      
#  - relative improvement: 0.00562411110193183   
#  - m2lnL_1  :            1489.57871659869      
#  - m2lnL_2  :            1481.20116040147      
#----------------------------------------------------------------------------------
# Model fitting. Interating using:
#  - solver:            NLOpt:ln-neldermead
#  - differentiation:   Numerical differentiantion (forward)
#............................
#  Minimum found with precision: |df|/f =  1.00000e-08 and |dx| =  1.00000e-05
#  Elapsed time: 00 days, 00:00:03.8116010
#  iteration            [000195]
#  function evaluations [000197]
#  gradient evaluations [000000]
#  degrees of freedom   [001691]
#  m2lnL     =     1481.20114575317 (     1451.2197  0.0095286304      1.311001     1.3247769     3.4073915     1.2515798    0.92417634    0.43614672    0.89579064     20.421085 )
#  Fit parameters:
#     71.3434281715213    -0.0833729326222978  -0.175784259287782   -0.964858229934252   -0.702765910629523   -0.754092670413105   -0.90381139009926    -0.828728749934301    0.0307733751547796  -19.2846206111981    
#----------------------------------------------------------------------------------
# Restarting:              no
#  - absolute improvement: 1.46482939271664e-05  
#  - relative improvement: 9.88946965393686e-09  
#  - m2lnL_2  :            1481.20116040147      
#  - m2lnL_3  :            1481.20114575317      
#----------------------------------------------------------------------------------
# Data used:
#   - Pantheon+SH0ES Sample STAT+SYS (2022)
#   - 6dFGRS -- Beutler (2011), BAO Sample R-Dv
#   - SDSS-DR7-lowz -- Ross (2015), Empirical m2lnp
#   - SDSS DR12 (final consensus) -- Ross et al. (2016), arXiv:1607.03145; Alam
#        et al. (2016), arXiv:1607.03155; BAO Sample(D_t / r_sd, DH / r_sd) --
#        DR16 Compatible
#   - SDSS DR16 -- Alam et al., PRD 103, 083533 (2021); BAO LRG Sample(D_t /
#        r_sd, DH / r_sd)
#   - SDSS DR16 -- Alam et al., PRD 103, 083533 (2021); BAO QSO Sample(D_t /
#        r_sd, DH / r_sd)
#   - SDSS DR16 -- Alam et al., PRD 103, 083533 (2021) -- BAO ELG Sample,
#        Empirical m2lnp
#   - SDSS DR16 -- Alam et al., PRD 103, 083533 (2021) -- BAO Lyman alpha
#        autocorrelation Sample, Empirical m2lnp
#   - SDSS DR16 -- Alam et al., PRD 103, 083533 (2021) -- BAO Lyman alpha QSO
#        cross-correlation Sample, Empirical m2lnp
#   - Gomez-Valent 2018 -- arXiv:1802.01505
#----------------------------------------------------------------------------------
# Model[03000]:
#   - NcHICosmo : XCDM - Constant EOS
#----------------------------------------------------------------------------------
# Model parameters
#   -           H0[00]:  71.3434281715213    [FREE]
#   -       Omegac[01]:  0.25                [FIXED]
#   -       Omegak[02]: -0.0833729326222978  [FREE]
#   -      Tgamma0[03]:  2.7245              [FIXED]
#   -           Yp[04]:  0.24                [FIXED]
#   -         ENnu[05]:  3.046               [FIXED]
#   -       Omegab[06]:  0.05                [FIXED]
#   -          w_0[07]: -0.175784259287782   [FREE]
#   -          w_1[08]: -0.964858229934252   [FREE]
#   -          w_2[09]: -0.702765910629523   [FREE]
#   -          w_3[10]: -0.754092670413105   [FREE]
#   -          w_4[11]: -0.90381139009926    [FREE]
#   -          w_5[12]: -0.828728749934301   [FREE]
#   -          w_6[13]:  0.0307733751547796  [FREE]
#----------------------------------------------------------------------------------
# Model[14000]:
#   - NcSNIADistCov : Supernovae Ia Distance Covariance
#----------------------------------------------------------------------------------
# Model parameters
#   -        alpha[00]:  0                   [FIXED]
#   -         beta[01]:  0                   [FIXED]
#   -           M1[02]: -19.2846206111981    [FREE]
#   -           M2[03]: -19.25               [FIXED]
#   - lnsigma_pecz[04]: -34.5387763949107    [FIXED]
#   - lnsigma_lens[05]: -34.5387763949107    [FIXED]
#----------------------------------------------------------------------------------
# NcmMSet parameters covariance matrix
#                                                  -------------------------------------------------------------------------------------------------------------------------------------------------------
#     H0[03000:00] =  71.34       +/-  1.043       |  1           | -0.06954     | -0.54        |  0.1785      | -0.316       |  0.1007      | -0.1479      | -0.09503     | -0.07592     |  0.7905      |
# Omegak[03000:02] = -0.08337     +/-  0.08757     | -0.06954     |  1           | -0.01503     | -0.6359      | -0.2545      | -0.2295      | -0.3231      | -0.5878      |  0.7771      | -0.1374      |
#    w_0[03000:07] = -0.1758      +/-  0.5011      | -0.54        | -0.01503     |  1           | -0.2457      |  0.7289      | -0.3142      |  0.1445      |  0.2946      |  0.05442     |  0.02291     |
#    w_1[03000:08] = -0.9649      +/-  0.109       |  0.1785      | -0.6359      | -0.2457      |  1           |  0.3572      | -0.2658      |  0.2927      |  0.412       | -0.4289      |  0.07111     |
#    w_2[03000:09] = -0.7028      +/-  0.1908      | -0.316       | -0.2545      |  0.7289      |  0.3572      |  1           | -0.4519      |  0.1551      |  0.4546      | -0.1318      |  0.04341     |
#    w_3[03000:10] = -0.7541      +/-  0.2091      |  0.1007      | -0.2295      | -0.3142      | -0.2658      | -0.4519      |  1           | -0.2446      | -0.02722     | -0.3428      | -0.0123      |
#    w_4[03000:11] = -0.9038      +/-  0.3335      | -0.1479      | -0.3231      |  0.1445      |  0.2927      |  0.1551      | -0.2446      |  1           | -0.1133      |  0.1465      | -0.06747     |
#    w_5[03000:12] = -0.8287      +/-  0.3096      | -0.09503     | -0.5878      |  0.2946      |  0.412       |  0.4546      | -0.02722     | -0.1133      |  1           | -0.8503      |  0.1229      |
#    w_6[03000:13] =  0.03077     +/-  0.03522     | -0.07592     |  0.7771      |  0.05442     | -0.4289      | -0.1318      | -0.3428      |  0.1465      | -0.8503      |  1           | -0.09648     |
#     M1[14000:02] = -19.28       +/-  0.02554     |  0.7905      | -0.1374      |  0.02291     |  0.07111     |  0.04341     | -0.0123      | -0.06747     |  0.1229      | -0.09648     |  1           |
#                                                  -------------------------------------------------------------------------------------------------------------------------------------------------------
