#----------------------------------------------------------------------------------
# Model fitting. Interating using:
#  - solver:            NLOpt:ln-neldermead
#  - differentiation:   Numerical differentiantion (forward)
#........................................................................................................................................................................
#  Minimum found with precision: |df|/f =  1.00000e-08 and |dx| =  1.00000e-05
#  Elapsed time: 00 days, 00:00:31.2887070
#  iteration            [001598]
#  function evaluations [001600]
#  gradient evaluations [000000]
#  degrees of freedom   [001688]
#  m2lnL     =     1501.74490216238 (     1464.1563    0.50446742     4.3257003     3.4257561     7.8198623     3.8656585    0.99962833 -0.0079489237    0.27246334     16.383054 )
#  Fit parameters:
#     72.3051421951073    -0.131244892768406   -1.10051562553512    -1.00997838162045    -1.14018275477239    -1.06544037443906    -0.423734834169169   -1.20563571823875    -0.780724842638388   -1.05635847337888    -1.41503049901532    -0.958234694191963   -19.2996859723187    
#----------------------------------------------------------------------------------
# Restarting:              yes
#  - absolute improvement: 879.682013167545      
#  - relative improvement: 0.36939282390099      
#  - m2lnL_0  :            2381.42691532993      
#  - m2lnL_1  :            1501.74490216238      
#----------------------------------------------------------------------------------
# Model fitting. Interating using:
#  - solver:            NLOpt:ln-neldermead
#  - differentiation:   Numerical differentiantion (forward)
#.......................................................................................................................................................................................................................................................................................................
#  Minimum found with precision: |df|/f =  1.00000e-08 and |dx| =  1.00000e-05
#  Elapsed time: 00 days, 00:01:09.5503660
#  iteration            [002861]
#  function evaluations [002863]
#  gradient evaluations [000000]
#  degrees of freedom   [001688]
#  m2lnL     =     1485.54044655503 (     1451.9365   0.010311711     1.6461037    0.60820595      2.988105    0.01318459    0.69089202     1.4038037     2.2573344     23.986025 )
#  Fit parameters:
#     72.7705501178562    -0.0131542787019418  -1.41345591338683    -1.12451815478416    -1.21449651902018    -0.892685914264301   -0.438347759589763   -1.30663019331541    -3.10980015159867     0.693335194269442   -1.3076314164398      0.120978388131292   -19.2795256131594    
#----------------------------------------------------------------------------------
# Restarting:              yes
#  - absolute improvement: 16.2044556073542      
#  - relative improvement: 0.0107904182554715    
#  - m2lnL_1  :            1501.74490216238      
#  - m2lnL_2  :            1485.54044655503      
#----------------------------------------------------------------------------------
# Model fitting. Interating using:
#  - solver:            NLOpt:ln-neldermead
#  - differentiation:   Numerical differentiantion (forward)
#.............................................................................................................................................................................................................................................................................
#  Minimum found with precision: |df|/f =  1.00000e-08 and |dx| =  1.00000e-05
#  Elapsed time: 00 days, 00:01:13.6203690
#  iteration            [002607]
#  function evaluations [002609]
#  gradient evaluations [000000]
#  degrees of freedom   [001688]
#  m2lnL     =     1480.54032941925 (     1449.6745    0.01007459     1.3302367    0.88945546     4.2117395    0.69972508    0.74566795    0.30253496    0.60878852     22.067567 )
#  Fit parameters:
#     71.4652165623739    -0.124784502316305   -0.229537682709563   -0.920191307957611   -0.825470980583926   -0.733989429941447   -0.457086681073311   -1.1170446359354     -1.33751726662669    -0.0388804991993129  -0.841182540632567    0.0414406174712686  -19.2824934649523    
#----------------------------------------------------------------------------------
# Restarting:              yes
#  - absolute improvement: 5.00011713578169      
#  - relative improvement: 0.00336585728606513   
#  - m2lnL_2  :            1485.54044655503      
#  - m2lnL_3  :            1480.54032941925      
#----------------------------------------------------------------------------------
# Model fitting. Interating using:
#  - solver:            NLOpt:ln-neldermead
#  - differentiation:   Numerical differentiantion (forward)
#....................................................................................
#  Minimum found with precision: |df|/f =  1.00000e-08 and |dx| =  1.00000e-05
#  Elapsed time: 00 days, 00:00:18.8183830
#  iteration            [000750]
#  function evaluations [000752]
#  gradient evaluations [000000]
#  degrees of freedom   [001688]
#  m2lnL     =     1480.49131985766 (     1450.1042  0.0098128497      1.327364    0.91416314     4.1736657    0.83656089     0.7845016    0.33524169    0.65997155     21.345795 )
#  Fit parameters:
#     71.4036890505312    -0.113776801460252   -0.207598966041353   -0.931581194004136   -0.826553949045046   -0.725531507610524   -0.479016372781216   -1.12219146255849    -1.14239726466504    -0.275561341003932   -0.817987122815245    0.0380819675673544  -19.2836310085033    
#----------------------------------------------------------------------------------
# Restarting:              yes
#  - absolute improvement: 0.049009561582352     
#  - relative improvement: 3.31024833356457e-05  
#  - m2lnL_3  :            1480.54032941925      
#  - m2lnL_4  :            1480.49131985766      
#----------------------------------------------------------------------------------
# Model fitting. Interating using:
#  - solver:            NLOpt:ln-neldermead
#  - differentiation:   Numerical differentiantion (forward)
#..................................................................................................................................................
#  Minimum found with precision: |df|/f =  1.00000e-08 and |dx| =  1.00000e-05
#  Elapsed time: 00 days, 00:00:36.3277290
#  iteration            [001374]
#  function evaluations [001376]
#  gradient evaluations [000000]
#  degrees of freedom   [001688]
#  m2lnL     =     1480.45524473352 (     1449.9968  0.0086716192     1.3828143    0.92189921     4.1242595    0.82677327    0.79267115    0.35059202    0.68528162     21.365447 )
#  Fit parameters:
#     71.5324031790109    -0.109585915525104   -0.342170509943794   -0.973797567930047   -0.871896205866731   -0.687013855414018   -0.496070265596623   -1.11894820886943    -1.1468781977077     -0.297594642548292   -0.83904317472758     0.0390441185651026  -19.2835472840912    
#----------------------------------------------------------------------------------
# Restarting:              yes
#  - absolute improvement: 0.0360751241407797    
#  - relative improvement: 2.43669946975765e-05  
#  - m2lnL_4  :            1480.49131985766      
#  - m2lnL_5  :            1480.45524473352      
#----------------------------------------------------------------------------------
# Model fitting. Interating using:
#  - solver:            NLOpt:ln-neldermead
#  - differentiation:   Numerical differentiantion (forward)
#....................................
#  Minimum found with precision: |df|/f =  1.00000e-08 and |dx| =  1.00000e-05
#  Elapsed time: 00 days, 00:00:06.1833250
#  iteration            [000270]
#  function evaluations [000272]
#  gradient evaluations [000000]
#  degrees of freedom   [001688]
#  m2lnL     =     1480.45512959353 (     1449.9913   0.008687168     1.3826979    0.92305347     4.1292988    0.83165652      0.792447    0.34837173    0.68049141     21.367156 )
#  Fit parameters:
#     71.5314002590809    -0.110201006354965   -0.342509593080017   -0.97391236344882    -0.871738912082785   -0.685522442888276   -0.495846034080279   -1.11830268849466    -1.14698425547111    -0.297123704887011   -0.837255399423663    0.038867952344649   -19.2835518811766    
#----------------------------------------------------------------------------------
# Restarting:              no
#  - absolute improvement: 0.000115139990157331  
#  - relative improvement: 7.77733677305836e-08  
#  - m2lnL_5  :            1480.45524473352      
#  - m2lnL_6  :            1480.45512959353      
#----------------------------------------------------------------------------------
# Data used:
#   - Pantheon+SH0ES Sample STAT+SYS (2022)
#   - 6dFGRS -- Beutler (2011), BAO Sample R-Dv
#   - SDSS-DR7-lowz -- Ross (2015), Empirical m2lnp
#   - SDSS DR12 (final consensus) -- Ross et al. (2016), arXiv:1607.03145; Alam
#        et al. (2016), arXiv:1607.03155; BAO Sample(D_t / r_sd, DH / r_sd) --
#        DR16 Compatible
#   - SDSS DR16 -- Alam et al., PRD 103, 083533 (2021); BAO LRG Sample(D_t /
#        r_sd, DH / r_sd)
#   - SDSS DR16 -- Alam et al., PRD 103, 083533 (2021); BAO QSO Sample(D_t /
#        r_sd, DH / r_sd)
#   - SDSS DR16 -- Alam et al., PRD 103, 083533 (2021) -- BAO ELG Sample,
#        Empirical m2lnp
#   - SDSS DR16 -- Alam et al., PRD 103, 083533 (2021) -- BAO Lyman alpha
#        autocorrelation Sample, Empirical m2lnp
#   - SDSS DR16 -- Alam et al., PRD 103, 083533 (2021) -- BAO Lyman alpha QSO
#        cross-correlation Sample, Empirical m2lnp
#   - Gomez-Valent 2018 -- arXiv:1802.01505
#----------------------------------------------------------------------------------
# Model[03000]:
#   - NcHICosmo : XCDM - Constant EOS
#----------------------------------------------------------------------------------
# Model parameters
#   -           H0[00]:  71.5314002590809    [FREE]
#   -       Omegac[01]:  0.25                [FIXED]
#   -       Omegak[02]: -0.110201006354965   [FREE]
#   -      Tgamma0[03]:  2.7245              [FIXED]
#   -           Yp[04]:  0.24                [FIXED]
#   -         ENnu[05]:  3.046               [FIXED]
#   -       Omegab[06]:  0.05                [FIXED]
#   -          w_0[07]: -0.342509593080017   [FREE]
#   -          w_1[08]: -0.97391236344882    [FREE]
#   -          w_2[09]: -0.871738912082785   [FREE]
#   -          w_3[10]: -0.685522442888276   [FREE]
#   -          w_4[11]: -0.495846034080279   [FREE]
#   -          w_5[12]: -1.11830268849466    [FREE]
#   -          w_6[13]: -1.14698425547111    [FREE]
#   -          w_7[14]: -0.297123704887011   [FREE]
#   -          w_8[15]: -0.837255399423663   [FREE]
#   -          w_9[16]:  0.038867952344649   [FREE]
#----------------------------------------------------------------------------------
# Model[14000]:
#   - NcSNIADistCov : Supernovae Ia Distance Covariance
#----------------------------------------------------------------------------------
# Model parameters
#   -        alpha[00]:  0                   [FIXED]
#   -         beta[01]:  0                   [FIXED]
#   -           M1[02]: -19.2835518811766    [FREE]
#   -           M2[03]: -19.25               [FIXED]
#   - lnsigma_pecz[04]: -34.5387763949107    [FIXED]
#   - lnsigma_lens[05]: -34.5387763949107    [FIXED]
#----------------------------------------------------------------------------------
# NcmMSet parameters covariance matrix
#                                                  ----------------------------------------------------------------------------------------------------------------------------------------------------------------------------------------------------
#     H0[03000:00] =  71.53       +/-  1.201       |  1           | -0.1375      | -0.6638      | -0.3981      | -0.4837      |  0.3523      | -0.2711      |  0.182       | -0.3057      |  0.2534      | -0.1789      |  0.1797      |  0.648       |
# Omegak[03000:02] = -0.1102      +/-  0.09524     | -0.1375      |  1           |  0.09004     | -0.09646     | -0.1332      | -0.1817      |  0.0139      | -0.2617      |  0.2228      | -0.378       | -0.1528      |  0.3034      | -0.1368      |
#    w_0[03000:07] = -0.3425      +/-  0.9111      | -0.6638      |  0.09004     |  1           |  0.7478      |  0.8147      | -0.6515      |  0.4976      | -0.361       |  0.4565      | -0.3937      |  0.3564      | -0.3474      |  0.08253     |
#    w_1[03000:08] = -0.9739      +/-  0.3187      | -0.3981      | -0.09646     |  0.7478      |  1           |  0.7833      | -0.8682      |  0.6571      | -0.4378      |  0.5156      | -0.4349      |  0.3865      | -0.5103      |  0.1046      |
#    w_2[03000:09] = -0.8717      +/-  0.2519      | -0.4837      | -0.1332      |  0.8147      |  0.7833      |  1           | -0.4436      |  0.2048      | -0.1358      |  0.3177      | -0.2575      |  0.35        | -0.3459      |  0.09358     |
#    w_3[03000:10] = -0.6855      +/-  0.5777      |  0.3523      | -0.1817      | -0.6515      | -0.8682      | -0.4436      |  1           | -0.8068      |  0.5582      | -0.5673      |  0.5284      | -0.287       |  0.4186      | -0.0664      |
#    w_4[03000:11] = -0.4958      +/-  0.563       | -0.2711      |  0.0139      |  0.4976      |  0.6571      |  0.2048      | -0.8068      |  1           | -0.751       |  0.4925      | -0.391       |  0.286       | -0.4324      |  0.06195     |
#    w_5[03000:12] = -1.118       +/-  0.6275      |  0.182       | -0.2617      | -0.361       | -0.4378      | -0.1358      |  0.5582      | -0.751       |  1           | -0.5795      |  0.4394      | -0.1903      |  0.3428      | -0.04699     |
#    w_6[03000:13] = -1.147       +/-  1.346       | -0.3057      |  0.2228      |  0.4565      |  0.5156      |  0.3177      | -0.5673      |  0.4925      | -0.5795      |  1           | -0.9096      |  0.3237      | -0.6812      | -0.01054     |
#    w_7[03000:14] = -0.2971      +/-  1.417       |  0.2534      | -0.378       | -0.3937      | -0.4349      | -0.2575      |  0.5284      | -0.391       |  0.4394      | -0.9096      |  1           | -0.4777      |  0.6721      |  0.0106      |
#    w_8[03000:15] = -0.8373      +/-  0.6144      | -0.1789      | -0.1528      |  0.3564      |  0.3865      |  0.35        | -0.287       |  0.286       | -0.1903      |  0.3237      | -0.4777      |  1           | -0.8162      |  0.1171      |
#    w_9[03000:16] =  0.03887     +/-  0.04928     |  0.1797      |  0.3034      | -0.3474      | -0.5103      | -0.3459      |  0.4186      | -0.4324      |  0.3428      | -0.6812      |  0.6721      | -0.8162      |  1           | -0.06959     |
#     M1[14000:02] = -19.28       +/-  0.02567     |  0.648       | -0.1368      |  0.08253     |  0.1046      |  0.09358     | -0.0664      |  0.06195     | -0.04699     | -0.01054     |  0.0106      |  0.1171      | -0.06959     |  1           |
#                                                  ----------------------------------------------------------------------------------------------------------------------------------------------------------------------------------------------------
