#----------------------------------------------------------------------------------
# Model[03000]:
#   - NcHICosmo : XCDM - Constant EOS
#----------------------------------------------------------------------------------
# Model parameters
#   -            H0[00]:  70                  [FIXED]
#   -        Omegac[01]:  0.25                [FIXED]
#   -        Omegak[02]:  0                   [FIXED]
#   -       Tgamma0[03]:  2.7245              [FIXED]
#   -            Yp[04]:  0.24                [FIXED]
#   -          ENnu[05]:  3.046               [FIXED]
#   -        Omegab[06]:  0.05                [FIXED]
#   -           w_0[07]: -1                   [FIXED]
#   -           w_1[08]: -1                   [FIXED]
#   -           w_2[09]: -1                   [FIXED]
#   -           w_3[10]: -1                   [FIXED]
#   -           w_4[11]: -1                   [FIXED]
#   -           w_5[12]: -1                   [FIXED]
#   -           w_6[13]: -1                   [FIXED]
#   -           w_7[14]: -1                   [FIXED]
#   -           w_8[15]: -1                   [FIXED]
#----------------------------------------------------------------------------------
# Model[14000]:
#   - NcSNIADistCov : Supernovae Ia Distance Covariance
#----------------------------------------------------------------------------------
# Model parameters
#   -         alpha[00]:  0.145               [FIXED]
#   -          beta[01]:  3.16                [FIXED]
#   -            M1[02]: -19                  [FIXED]
#   -            M2[03]: -19.2                [FIXED]
#   -  lnsigma_pecz[04]: -7.60021041          [FIXED]
#   -  lnsigma_lens[05]: -2.90042209374967    [FIXED]
#   - lnsigma_int_0[06]: -2.52572864430826    [FIXED]
#   - lnsigma_int_1[07]: -2.22562405185792    [FIXED]
#   - lnsigma_int_2[08]: -2.00991547903123    [FIXED]
#   - lnsigma_int_3[09]: -2.30258509299405    [FIXED]
#----------------------------------------------------------------------------------
# Model fitting. Interating using:
#  - solver:            NLOpt:ln-neldermead
#  - differentiation:   Numerical differentiantion (forward)
#...............................................................................................................................................................
#  Minimum found with precision: |df|/f =  1.00000e-08 and |dx| =  1.00000e-05
#  Elapsed time: 00 days, 00:05:59.0875070
#  iteration            [001501]
#  function evaluations [001503]
#  gradient evaluations [000000]
#  degrees of freedom   [000756]
#  m2lnL     =     720.394383281677 (     680.87215    0.25108035     0.1572422  0.0093594602     1.2243835     2.5069444     8.2065565     4.8594477     22.307216 )
#  Fit parameters:
#    -1.30591687931824    -0.93021039405946    -1.1945526384502     -1.28479260937905    -0.714682690048782   -0.223733964897478   -0.553642525977972   -0.695800741878307   -0.746087044371159    0.141329713544667    3.10085264767814    -19.0567475712913    -19.1268424732524    
#----------------------------------------------------------------------------------
# Restarting:              yes
#  - absolute improvement: 34.059012399069       
#  - relative improvement: 0.0451439579887336    
#  - m2lnL_0  :            754.453395680746      
#  - m2lnL_1  :            720.394383281677      
#----------------------------------------------------------------------------------
# Model fitting. Interating using:
#  - solver:            NLOpt:ln-neldermead
#  - differentiation:   Numerical differentiantion (forward)
#..........................................................................................................................................................................................................................................................................................
#  Minimum found with precision: |df|/f =  1.00000e-08 and |dx| =  1.00000e-05
#  Elapsed time: 00 days, 00:11:01.0515220
#  iteration            [002739]
#  function evaluations [002741]
#  gradient evaluations [000000]
#  degrees of freedom   [000756]
#  m2lnL     =     701.713937525865 (      681.9895  0.0024698384    0.19130675    0.34947393     1.3460062     2.5069444     7.8965515     4.9993361     2.4323493 )
#  Fit parameters:
#    -1.11689140609578    -0.899639759458984   -1.01320915629454    -1.1140007851956     -0.933270510734463    0                   -0.0240879253623635  -0.00468260019768758 -0.332036373321651    0.142362789928051    3.11547295069981    -19.0376383079876    -19.1151307781027    
#----------------------------------------------------------------------------------
# Restarting:              yes
#  - absolute improvement: 18.6804457558119      
#  - relative improvement: 0.0259308598030917    
#  - m2lnL_1  :            720.394383281677      
#  - m2lnL_2  :            701.713937525865      
#----------------------------------------------------------------------------------
# Model fitting. Interating using:
#  - solver:            NLOpt:ln-neldermead
#  - differentiation:   Numerical differentiantion (forward)
#.........................................................................................................................................................................................................
#  Minimum found with precision: |df|/f =  1.00000e-08 and |dx| =  1.00000e-05
#  Elapsed time: 00 days, 00:06:14.2224480
#  iteration            [001925]
#  function evaluations [001927]
#  gradient evaluations [000000]
#  degrees of freedom   [000756]
#  m2lnL     =     701.329411813838 (     681.74059  0.00027133946   0.093610525    0.26345382     1.2638309     2.5069444     8.0609212     5.0466253     2.3531624 )
#  Fit parameters:
#    -1.17426765020507    -0.844574338532462   -0.982747178533744   -1.30874430297201    -0.482593195242197   -0.0374164625679514  -0.297314038044996   -0.0596350513674846  -0.0269989822019045   0.141001479118819    3.09621364586703    -19.042479509186     -19.1132631466608    
#----------------------------------------------------------------------------------
# Restarting:              yes
#  - absolute improvement: 0.384525712027312     
#  - relative improvement: 0.000547980724713962  
#  - m2lnL_2  :            701.713937525865      
#  - m2lnL_3  :            701.329411813838      
#----------------------------------------------------------------------------------
# Model fitting. Interating using:
#  - solver:            NLOpt:ln-neldermead
#  - differentiation:   Numerical differentiantion (forward)
#................................................................................................................................................
#  Minimum found with precision: |df|/f =  1.00000e-08 and |dx| =  1.00000e-05
#  Elapsed time: 00 days, 00:04:26.9654560
#  iteration            [001355]
#  function evaluations [001357]
#  gradient evaluations [000000]
#  degrees of freedom   [000756]
#  m2lnL     =      701.31114494781 (     681.73444  0.00029677691   0.094567763    0.26565785     1.2712223     2.5069444     8.0465547     5.0317562      2.359708 )
#  Fit parameters:
#    -1.18418744176055    -0.845422374877105   -0.98949209266628    -1.28713750639236    -0.50863898861903    -0.0465725356754092  -0.257836135868438   -0.0636820891758441  -2.62007925626201e-06  0.140986924880435    3.09652898469277    -19.0427350534208    -19.1135475513595    
#----------------------------------------------------------------------------------
# Restarting:              yes
#  - absolute improvement: 0.0182668660278296    
#  - relative improvement: 2.60460572736943e-05  
#  - m2lnL_3  :            701.329411813838      
#  - m2lnL_4  :            701.31114494781       
#----------------------------------------------------------------------------------
# Model fitting. Interating using:
#  - solver:            NLOpt:ln-neldermead
#  - differentiation:   Numerical differentiantion (forward)
#..................................................................................................................................................................................................................................................
#  Minimum found with precision: |df|/f =  1.00000e-08 and |dx| =  1.00000e-05
#  Elapsed time: 00 days, 00:07:23.6021960
#  iteration            [002337]
#  function evaluations [002339]
#  gradient evaluations [000000]
#  degrees of freedom   [000756]
#  m2lnL     =     701.279152568935 (     681.72275  0.00020671501    0.11344242    0.28724538     1.3034838     2.5069444     7.9475577     5.0340943      2.363423 )
#  Fit parameters:
#    -1.21300671937851    -0.851907735725925   -1.01317887046133    -1.20167952729436    -0.76182808902787    -0.00485755600869029 -0.0494060821633232  -0.093050082913256   -2.71720859210084e-05  0.141015963442316    3.09483548043336    -19.0431482358255    -19.1139666568759    
#----------------------------------------------------------------------------------
# Restarting:              yes
#  - absolute improvement: 0.0319923788749747    
#  - relative improvement: 4.56179530376001e-05  
#  - m2lnL_4  :            701.31114494781       
#  - m2lnL_5  :            701.279152568935      
#----------------------------------------------------------------------------------
# Model fitting. Interating using:
#  - solver:            NLOpt:ln-neldermead
#  - differentiation:   Numerical differentiantion (forward)
#..............................................
#  Minimum found with precision: |df|/f =  1.00000e-08 and |dx| =  1.00000e-05
#  Elapsed time: 00 days, 00:00:55.9367660
#  iteration            [000377]
#  function evaluations [000379]
#  gradient evaluations [000000]
#  degrees of freedom   [000756]
#  m2lnL     =     701.278940874689 (     681.72837  0.00023557486    0.11003368    0.28429897     1.3026877     2.5069444        7.9455     5.0404004     2.3604725 )
#  Fit parameters:
#    -1.21267352467297    -0.851356295512646   -1.01424084854451    -1.20168329376197    -0.762106561052449   -0.00479549293533913 -0.0493557417038634  -0.093149556368259    0                    0.141009929827328    3.09511570109132    -19.0429803056164    -19.1138208269474    
#----------------------------------------------------------------------------------
# Restarting:              no
#  - absolute improvement: 0.000211694245649596  
#  - relative improvement: 3.01868727844133e-07  
#  - m2lnL_5  :            701.279152568935      
#  - m2lnL_6  :            701.278940874689      
#----------------------------------------------------------------------------------
# Data used:
#   - JLA SNLS3+SDSS Betoule 2014 sys and stat (complete cov)
#   - 6dFGRS -- Beutler (2011), BAO Sample R-Dv
#   - SDSS-DR7-rec -- Padmanabhan (2012), BAO Sample R-Dv
#   - SDSS-DR9-rec -- Anderson (2012), BAO Sample R-Dv
#   - WiggleZ -- Blake (2012), BAO Sample R-Dv
#   - Riess 2008 HST Project sample
#   - Stern 2009 H(z) sample
#   - Moresco 2012 H(z) BC03 sample
#   - WMAP9 distance priors
#----------------------------------------------------------------------------------
# Model[03000]:
#   - NcHICosmo : XCDM - Constant EOS
#----------------------------------------------------------------------------------
# Model parameters
#   -            H0[00]:  70                  [FIXED]
#   -        Omegac[01]:  0.25                [FIXED]
#   -        Omegak[02]:  0                   [FIXED]
#   -       Tgamma0[03]:  2.7245              [FIXED]
#   -            Yp[04]:  0.24                [FIXED]
#   -          ENnu[05]:  3.046               [FIXED]
#   -        Omegab[06]:  0.05                [FIXED]
#   -           w_0[07]: -1.21267352467297    [FREE]
#   -           w_1[08]: -0.851356295512646   [FREE]
#   -           w_2[09]: -1.01424084854451    [FREE]
#   -           w_3[10]: -1.20168329376197    [FREE]
#   -           w_4[11]: -0.762106561052449   [FREE]
#   -           w_5[12]: -0.00479549293533913 [FREE]
#   -           w_6[13]: -0.0493557417038634  [FREE]
#   -           w_7[14]: -0.093149556368259   [FREE]
#   -           w_8[15]:  0                   [FREE]
#----------------------------------------------------------------------------------
# Model[14000]:
#   - NcSNIADistCov : Supernovae Ia Distance Covariance
#----------------------------------------------------------------------------------
# Model parameters
#   -         alpha[00]:  0.141009929827328   [FREE]
#   -          beta[01]:  3.09511570109132    [FREE]
#   -            M1[02]: -19.0429803056164    [FREE]
#   -            M2[03]: -19.1138208269474    [FREE]
#   -  lnsigma_pecz[04]: -7.60021041          [FIXED]
#   -  lnsigma_lens[05]: -2.90042209374967    [FIXED]
#   - lnsigma_int_0[06]: -2.52572864430826    [FIXED]
#   - lnsigma_int_1[07]: -2.22562405185792    [FIXED]
#   - lnsigma_int_2[08]: -2.00991547903123    [FIXED]
#   - lnsigma_int_3[09]: -2.30258509299405    [FIXED]
#----------------------------------------------------------------------------------
# NcmMSet parameters covariance matrix
#                                                 ----------------------------------------------------------------------------------------------------------------------------------------------------------------------------------------------------
#   w_0[03000:07] = -1.213       +/-  0.6301      |  1           | -0.5847      |  0.6029      | -0.4889      |  0.3743      | -0.22        | -0.3329      |  0.3852      | -0.3394      | -0.02165     |  0.0561      |  0.6448      |  0.6041      |
#   w_1[03000:08] = -0.8514      +/-  0.1584      | -0.5847      |  1           |  0.08903     | -0.275       |  0.1832      | -0.07585     | -0.1147      |  0.0904      | -0.03764     |  0.01911     | -0.009589    | -0.3298      | -0.3151      |
#   w_2[03000:09] = -1.014       +/-  0.35        |  0.6029      |  0.08903     |  1           | -0.7049      |  0.4648      | -0.2439      | -0.385       |  0.4198      | -0.333       |  0.02388     |  0.08487     |  0.2225      |  0.2186      |
#   w_3[03000:10] = -1.202       +/-  0.7928      | -0.4889      | -0.275       | -0.7049      |  1           | -0.6224      |  0.2459      |  0.4067      | -0.41        |  0.2444      | -0.0214      | -0.09315     | -0.1887      | -0.1823      |
#   w_4[03000:11] = -0.7621      +/-  1.914       |  0.3743      |  0.1832      |  0.4648      | -0.6224      |  1           | -0.5137      | -0.8609      |  0.4505      | -0.2929      |  0.009861    |  0.06476     |  0.1677      |  0.1596      |
#   w_5[03000:12] = -0.004795    +/-  0.9289      | -0.22        | -0.07585     | -0.2439      |  0.2459      | -0.5137      |  1           |  0.1731      | -0.7842      |  0.3835      |  0.002596    | -0.02273     | -0.1468      | -0.1361      |
#   w_6[03000:13] = -0.04936     +/-  1.634       | -0.3329      | -0.1147      | -0.385       |  0.4067      | -0.8609      |  0.1731      |  1           | -0.3236      |  0.4467      | -0.0001522   | -0.04085     | -0.1968      | -0.1838      |
#   w_7[03000:14] = -0.09315     +/-  1.446       |  0.3852      |  0.0904      |  0.4198      | -0.41        |  0.4505      | -0.7842      | -0.3236      |  1           | -0.8513      | -0.00891     |  0.0282      |  0.2901      |  0.2675      |
#   w_8[03000:15] =  0           +/-  2.461       | -0.3394      | -0.03764     | -0.333       |  0.2444      | -0.2929      |  0.3835      |  0.4467      | -0.8513      |  1           |  0.01681     | -0.00821     | -0.308       | -0.2816      |
# alpha[14000:00] =  0.141       +/-  0.006591    | -0.02165     |  0.01911     |  0.02388     | -0.0214      |  0.009861    |  0.002596    | -0.0001522   | -0.00891     |  0.01681     |  1           | -0.05053     |  0.04194     | -0.1493      |
#  beta[14000:01] =  3.095       +/-  0.08066     |  0.0561      | -0.009589    |  0.08487     | -0.09315     |  0.06476     | -0.02273     | -0.04085     |  0.0282      | -0.00821     | -0.05053     |  1           |  0.05576     |  0.0344      |
#    M1[14000:02] = -19.04       +/-  0.02817     |  0.6448      | -0.3298      |  0.2225      | -0.1887      |  0.1677      | -0.1468      | -0.1968      |  0.2901      | -0.308       |  0.04194     |  0.05576     |  1           |  0.691       |
#    M2[14000:03] = -19.11       +/-  0.03037     |  0.6041      | -0.3151      |  0.2186      | -0.1823      |  0.1596      | -0.1361      | -0.1838      |  0.2675      | -0.2816      | -0.1493      |  0.0344      |  0.691       |  1           |
#                                                 ----------------------------------------------------------------------------------------------------------------------------------------------------------------------------------------------------
