#----------------------------------------------------------------------------------
# Model fitting. Interating using:
#  - solver:            NLOpt:ln-neldermead
#  - differentiation:   Numerical differentiantion (forward)
#..........................................................................................................................................
#  Minimum found with precision: |df|/f =  1.00000e-08 and |dx| =  1.00000e-05
#  Elapsed time: 00 days, 00:00:25.3540620
#  iteration            [001297]
#  function evaluations [001299]
#  gradient evaluations [000000]
#  degrees of freedom   [001688]
#  m2lnL     =     1493.33941223025 (     1464.4327   0.018658323     1.5222131     2.5660033     2.6287955    0.31620551     0.9199392     1.3631347     2.6908318     16.880957 )
#  Fit parameters:
#     0.26616576252966    -0.877890291083323   -1.01508991573554    -1.07902167344581    -1.14046156071226    -1.17005858868372    -0.735510633315102   -0.973624099445234   -1.74770306520562    -0.941038814169097   -1.08494631416656     0.0758743225002903  -19.3402389975283    
#----------------------------------------------------------------------------------
# Restarting:              yes
#  - absolute improvement: 888.087503099677      
#  - relative improvement: 0.372922426207079     
#  - m2lnL_0  :            2381.42691532993      
#  - m2lnL_1  :            1493.33941223025      
#----------------------------------------------------------------------------------
# Model fitting. Interating using:
#  - solver:            NLOpt:ln-neldermead
#  - differentiation:   Numerical differentiantion (forward)
#.........................................................................................................................................................................................................................................................................................................................................................................................................................................................................................................
#  Minimum found with precision: |df|/f =  1.00000e-08 and |dx| =  1.00000e-05
#  Elapsed time: 00 days, 00:01:54.6761870
#  iteration            [004804]
#  function evaluations [004806]
#  gradient evaluations [000000]
#  degrees of freedom   [001688]
#  m2lnL     =     1481.85558581659 (     1454.4901   0.011053444     1.2265827      1.074953     3.0577132    0.68541396    0.72370185     1.1017929     1.7376998     17.746545 )
#  Fit parameters:
#     0.269709198722495    0.368545832125056   -1.01156290888761    -0.851924256570532   -0.892789073445045   -0.722159698175998   -0.555654703054272   -2.45439875454666     0.999952216763164   -3.60780342493319    -0.81264014055907     0.0461910410748635  -19.3096000032239    
#----------------------------------------------------------------------------------
# Restarting:              yes
#  - absolute improvement: 11.4838264136588      
#  - relative improvement: 0.00769003102684346   
#  - m2lnL_1  :            1493.33941223025      
#  - m2lnL_2  :            1481.85558581659      
#----------------------------------------------------------------------------------
# Model fitting. Interating using:
#  - solver:            NLOpt:ln-neldermead
#  - differentiation:   Numerical differentiantion (forward)
#.................................
#  Minimum found with precision: |df|/f =  1.00000e-08 and |dx| =  1.00000e-05
#  Elapsed time: 00 days, 00:00:06.2623650
#  iteration            [000240]
#  function evaluations [000242]
#  gradient evaluations [000000]
#  degrees of freedom   [001688]
#  m2lnL     =     1481.85544680849 (     1454.4837   0.011288182     1.2236886     1.0780278     3.0512348    0.68352946    0.72324275     1.1058132      1.738179     17.756728 )
#  Fit parameters:
#     0.269679867177292    0.368470406858041   -1.01149635880505    -0.851906731129846   -0.892633422181079   -0.721139260221347   -0.553538610558732   -2.45677113847598     1                   -3.60754171856288    -0.81172158505135     0.0462089976781194  -19.3095717369127    
#----------------------------------------------------------------------------------
# Restarting:              no
#  - absolute improvement: 0.00013900809972256   
#  - relative improvement: 9.38067791848676e-08  
#  - m2lnL_2  :            1481.85558581659      
#  - m2lnL_3  :            1481.85544680849      
#----------------------------------------------------------------------------------
# Data used:
#   - Pantheon+SH0ES Sample STAT+SYS (2022)
#   - 6dFGRS -- Beutler (2011), BAO Sample R-Dv
#   - SDSS-DR7-lowz -- Ross (2015), Empirical m2lnp
#   - SDSS DR12 (final consensus) -- Ross et al. (2016), arXiv:1607.03145; Alam
#        et al. (2016), arXiv:1607.03155; BAO Sample(D_t / r_sd, DH / r_sd) --
#        DR16 Compatible
#   - SDSS DR16 -- Alam et al., PRD 103, 083533 (2021); BAO LRG Sample(D_t /
#        r_sd, DH / r_sd)
#   - SDSS DR16 -- Alam et al., PRD 103, 083533 (2021); BAO QSO Sample(D_t /
#        r_sd, DH / r_sd)
#   - SDSS DR16 -- Alam et al., PRD 103, 083533 (2021) -- BAO ELG Sample,
#        Empirical m2lnp
#   - SDSS DR16 -- Alam et al., PRD 103, 083533 (2021) -- BAO Lyman alpha
#        autocorrelation Sample, Empirical m2lnp
#   - SDSS DR16 -- Alam et al., PRD 103, 083533 (2021) -- BAO Lyman alpha QSO
#        cross-correlation Sample, Empirical m2lnp
#   - Gomez-Valent 2018 -- arXiv:1802.01505
#----------------------------------------------------------------------------------
# Model[03000]:
#   - NcHICosmo : XCDM - Constant EOS
#----------------------------------------------------------------------------------
# Model parameters
#   -           H0[00]:  70                  [FIXED]
#   -       Omegac[01]:  0.269679867177292   [FREE]
#   -       Omegak[02]:  0                   [FIXED]
#   -      Tgamma0[03]:  2.7245              [FIXED]
#   -           Yp[04]:  0.24                [FIXED]
#   -         ENnu[05]:  3.046               [FIXED]
#   -       Omegab[06]:  0.05                [FIXED]
#   -          w_0[07]:  0.368470406858041   [FREE]
#   -          w_1[08]: -1.01149635880505    [FREE]
#   -          w_2[09]: -0.851906731129846   [FREE]
#   -          w_3[10]: -0.892633422181079   [FREE]
#   -          w_4[11]: -0.721139260221347   [FREE]
#   -          w_5[12]: -0.553538610558732   [FREE]
#   -          w_6[13]: -2.45677113847598    [FREE]
#   -          w_7[14]:  1                   [FREE]
#   -          w_8[15]: -3.60754171856288    [FREE]
#   -          w_9[16]: -0.81172158505135    [FREE]
#   -         w_10[17]:  0.0462089976781194  [FREE]
#----------------------------------------------------------------------------------
# Model[14000]:
#   - NcSNIADistCov : Supernovae Ia Distance Covariance
#----------------------------------------------------------------------------------
# Model parameters
#   -        alpha[00]:  0                   [FIXED]
#   -         beta[01]:  0                   [FIXED]
#   -           M1[02]: -19.3095717369127    [FREE]
#   -           M2[03]: -19.25               [FIXED]
#   - lnsigma_pecz[04]: -34.5387763949107    [FIXED]
#   - lnsigma_lens[05]: -34.5387763949107    [FIXED]
#----------------------------------------------------------------------------------
# NcmMSet parameters covariance matrix
#                                                  ----------------------------------------------------------------------------------------------------------------------------------------------------------------------------------------------------
# Omegac[03000:01] =  0.2697      +/- -nan         | -1           | -1.098       |  1.063       |  1.018       |  1.019       |  1.08        |  1.043       |  1.091       |  1.222       |  1.011       |  1.001       | -1.001       | -1.538       |
#    w_0[03000:07] =  0.3685      +/- -nan         | -1.098       | -1           |  1.28        |  1.179       |  1.077       |  1.217       |  1.143       |  1.205       |  1.328       |  1.116       |  1.101       | -1.101       | -1.217       |
#    w_1[03000:08] = -1.011       +/- -nan         |  1.063       |  1.28        | -1           | -1.037       | -1.139       | -1.111       | -1.112       | -1.15        | -1.313       | -1.07        | -1.063       |  1.063       |  1.834       |
#    w_2[03000:09] = -0.8519      +/- -nan         |  1.018       |  1.179       | -1.037       | -1           | -1.042       | -1.126       | -1.052       | -1.121       | -1.232       | -1.03        | -1.018       |  1.018       |  1.689       |
#    w_3[03000:10] = -0.8926      +/- -nan         |  1.019       |  1.077       | -1.139       | -1.042       | -1           | -1.142       | -1.061       | -1.117       | -1.238       | -1.032       | -1.019       |  1.019       |  1.5         |
#    w_4[03000:11] = -0.7211      +/- -nan         |  1.08        |  1.217       | -1.111       | -1.126       | -1.142       | -1           | -1.2         | -1.103       | -1.425       | -1.074       | -1.083       |  1.084       |  1.711       |
#    w_5[03000:12] = -0.5535      +/- -nan         |  1.043       |  1.143       | -1.112       | -1.052       | -1.061       | -1.2         | -1           | -1.248       | -1.132       | -1.079       | -1.04        |  1.039       |  1.607       |
#    w_6[03000:13] = -2.457       +/- -nan         |  1.091       |  1.205       | -1.15        | -1.121       | -1.117       | -1.103       | -1.248       | -1           | -1.588       | -1.062       | -1.098       |  1.099       |  1.687       |
#    w_7[03000:14] =  1           +/- -nan         |  1.222       |  1.328       | -1.313       | -1.232       | -1.238       | -1.425       | -1.132       | -1.588       | -1           | -1.331       | -1.211       |  1.208       |  1.864       |
#    w_8[03000:15] = -3.608       +/- -nan         |  1.011       |  1.116       | -1.07        | -1.03        | -1.032       | -1.074       | -1.079       | -1.062       | -1.331       | -1           | -1.015       |  1.015       |  1.568       |
#    w_9[03000:16] = -0.8117      +/- -nan         |  1.001       |  1.101       | -1.063       | -1.018       | -1.019       | -1.083       | -1.04        | -1.098       | -1.211       | -1.015       | -1           |  1           |  1.548       |
#   w_10[03000:17] =  0.04621     +/- -nan         | -1.001       | -1.101       |  1.063       |  1.018       |  1.019       |  1.084       |  1.039       |  1.099       |  1.208       |  1.015       |  1           | -1           | -1.546       |
#     M1[14000:02] = -19.31       +/- -nan         | -1.538       | -1.217       |  1.834       |  1.689       |  1.5         |  1.711       |  1.607       |  1.687       |  1.864       |  1.568       |  1.548       | -1.546       | -1           |
#                                                  ----------------------------------------------------------------------------------------------------------------------------------------------------------------------------------------------------
