#----------------------------------------------------------------------------------
# Model[03000]:
#   - NcHICosmo : XCDM - Constant EOS
#----------------------------------------------------------------------------------
# Model parameters
#   -            H0[00]:  70                  [FIXED]
#   -        Omegac[01]:  0.25                [FIXED]
#   -        Omegak[02]:  0                   [FIXED]
#   -       Tgamma0[03]:  2.7245              [FIXED]
#   -            Yp[04]:  0.24                [FIXED]
#   -          ENnu[05]:  3.046               [FIXED]
#   -        Omegab[06]:  0.05                [FIXED]
#   -           w_0[07]: -1                   [FIXED]
#   -           w_1[08]: -1                   [FIXED]
#   -           w_2[09]: -1                   [FIXED]
#   -           w_3[10]: -1                   [FIXED]
#   -           w_4[11]: -1                   [FIXED]
#----------------------------------------------------------------------------------
# Model[14000]:
#   - NcSNIADistCov : Supernovae Ia Distance Covariance
#----------------------------------------------------------------------------------
# Model parameters
#   -         alpha[00]:  0.145               [FIXED]
#   -          beta[01]:  3.16                [FIXED]
#   -            M1[02]: -19                  [FIXED]
#   -            M2[03]: -19.2                [FIXED]
#   -  lnsigma_pecz[04]: -7.60021041          [FIXED]
#   -  lnsigma_lens[05]: -2.90042209374967    [FIXED]
#   - lnsigma_int_0[06]: -2.52572864430826    [FIXED]
#   - lnsigma_int_1[07]: -2.22562405185792    [FIXED]
#   - lnsigma_int_2[08]: -2.00991547903123    [FIXED]
#   - lnsigma_int_3[09]: -2.30258509299405    [FIXED]
#----------------------------------------------------------------------------------
# Model fitting. Interating using:
#  - solver:            NLOpt:ln-neldermead
#  - differentiation:   Numerical differentiantion (forward)
#....................................................................................................................................................................................................................
#  Minimum found with precision: |df|/f =  1.00000e-08 and |dx| =  1.00000e-05
#  Elapsed time: 00 days, 00:07:30.7297480
#  iteration            [002035]
#  function evaluations [002037]
#  gradient evaluations [000000]
#  degrees of freedom   [000758]
#  m2lnL     =     706.529057321894 (     683.51333    0.16771161  0.0032558763  0.0062767755      1.255907     2.5069444     7.9017825      4.836742     6.3371035 )
#  Fit parameters:
#     0.244854226137788   -0.00686179388269011 -0.955585794908829   -0.962952168420126   -1.0160032971527     -1.00998337400862    -0.991563122960102    0.140570295971303    3.02038706398636    -19.0455084192561    -19.103960477331     
#----------------------------------------------------------------------------------
# Restarting:              yes
#  - absolute improvement: 47.9243383588522      
#  - relative improvement: 0.0635219334066485    
#  - m2lnL_0  :            754.453395680746      
#  - m2lnL_1  :            706.529057321894      
#----------------------------------------------------------------------------------
# Model fitting. Interating using:
#  - solver:            NLOpt:ln-neldermead
#  - differentiation:   Numerical differentiantion (forward)
#..........................................................
#  Minimum found with precision: |df|/f =  1.00000e-08 and |dx| =  1.00000e-05
#  Elapsed time: 00 days, 00:02:06.7405730
#  iteration            [000497]
#  function evaluations [000499]
#  gradient evaluations [000000]
#  degrees of freedom   [000758]
#  m2lnL     =     702.449444294985 (     682.24809   0.041260917     0.1982276    0.28786073     1.3543742     2.5069444     7.9321709     4.8169603     3.0635516 )
#  Fit parameters:
#     0.244986581858363   -0.0114728171132996  -0.955589318434894   -0.963001227306691   -1.01715664522648    -1.01089656081631    -0.988480301391739    0.141119627958426    3.09927568350818    -19.0432062894106    -19.1134273067231    
#----------------------------------------------------------------------------------
# Restarting:              yes
#  - absolute improvement: 4.07961302690876      
#  - relative improvement: 0.00577416170592131   
#  - m2lnL_1  :            706.529057321894      
#  - m2lnL_2  :            702.449444294985      
#----------------------------------------------------------------------------------
# Model fitting. Interating using:
#  - solver:            NLOpt:ln-neldermead
#  - differentiation:   Numerical differentiantion (forward)
#........................................................................................................................................................................
#  Minimum found with precision: |df|/f =  1.00000e-08 and |dx| =  1.00000e-05
#  Elapsed time: 00 days, 00:07:03.2254870
#  iteration            [001595]
#  function evaluations [001597]
#  gradient evaluations [000000]
#  degrees of freedom   [000758]
#  m2lnL     =     702.007936249611 (     682.29348   0.041044217    0.17089403    0.24335443     1.3449844     2.5069444     7.8945722     4.8680699     2.6445961 )
#  Fit parameters:
#     0.247734096535426   -0.0134783719587673  -0.940334116943223   -0.96129529182484    -1.02089411323658    -0.991250504004457    0                    0.141094714345947    3.09850172168547    -19.0407519117394    -19.1113231395242    
#----------------------------------------------------------------------------------
# Restarting:              yes
#  - absolute improvement: 0.441508045373666     
#  - relative improvement: 0.000628526435545532  
#  - m2lnL_2  :            702.449444294985      
#  - m2lnL_3  :            702.007936249611      
#----------------------------------------------------------------------------------
# Model fitting. Interating using:
#  - solver:            NLOpt:ln-neldermead
#  - differentiation:   Numerical differentiantion (forward)
#.............................................
#  Minimum found with precision: |df|/f =  1.00000e-08 and |dx| =  1.00000e-05
#  Elapsed time: 00 days, 00:01:23.8439150
#  iteration            [000368]
#  function evaluations [000370]
#  gradient evaluations [000000]
#  degrees of freedom   [000758]
#  m2lnL     =     702.007847222743 (     682.29331   0.040761861     0.1723163    0.24543961     1.3454883     2.5069444     7.8946686     4.8679962     2.6409201 )
#  Fit parameters:
#     0.247732621219451   -0.0134911033923154  -0.94033499988554    -0.961295023069514   -1.02089448657872    -0.991242273079409   -5.02363341390395e-05  0.141069706951707    3.09840202197052    -19.0407946570159    -19.1111729310568    
#----------------------------------------------------------------------------------
# Restarting:              no
#  - absolute improvement: 8.90268685225237e-05  
#  - relative improvement: 1.26817467332547e-07  
#  - m2lnL_3  :            702.007936249611      
#  - m2lnL_4  :            702.007847222743      
#----------------------------------------------------------------------------------
# Data used:
#   - JLA SNLS3+SDSS Betoule 2014 sys and stat (complete cov)
#   - 6dFGRS -- Beutler (2011), BAO Sample R-Dv
#   - SDSS-DR7-rec -- Padmanabhan (2012), BAO Sample R-Dv
#   - SDSS-DR9-rec -- Anderson (2012), BAO Sample R-Dv
#   - WiggleZ -- Blake (2012), BAO Sample R-Dv
#   - Riess 2008 HST Project sample
#   - Stern 2009 H(z) sample
#   - Moresco 2012 H(z) BC03 sample
#   - WMAP9 distance priors
#----------------------------------------------------------------------------------
# Model[03000]:
#   - NcHICosmo : XCDM - Constant EOS
#----------------------------------------------------------------------------------
# Model parameters
#   -            H0[00]:  70                  [FIXED]
#   -        Omegac[01]:  0.247732621219451   [FREE]
#   -        Omegak[02]: -0.0134911033923154  [FREE]
#   -       Tgamma0[03]:  2.7245              [FIXED]
#   -            Yp[04]:  0.24                [FIXED]
#   -          ENnu[05]:  3.046               [FIXED]
#   -        Omegab[06]:  0.05                [FIXED]
#   -           w_0[07]: -0.94033499988554    [FREE]
#   -           w_1[08]: -0.961295023069514   [FREE]
#   -           w_2[09]: -1.02089448657872    [FREE]
#   -           w_3[10]: -0.991242273079409   [FREE]
#   -           w_4[11]: -5.02363341390395e-05 [FREE]
#----------------------------------------------------------------------------------
# Model[14000]:
#   - NcSNIADistCov : Supernovae Ia Distance Covariance
#----------------------------------------------------------------------------------
# Model parameters
#   -         alpha[00]:  0.141069706951707   [FREE]
#   -          beta[01]:  3.09840202197052    [FREE]
#   -            M1[02]: -19.0407946570159    [FREE]
#   -            M2[03]: -19.1111729310568    [FREE]
#   -  lnsigma_pecz[04]: -7.60021041          [FIXED]
#   -  lnsigma_lens[05]: -2.90042209374967    [FIXED]
#   - lnsigma_int_0[06]: -2.52572864430826    [FIXED]
#   - lnsigma_int_1[07]: -2.22562405185792    [FIXED]
#   - lnsigma_int_2[08]: -2.00991547903123    [FIXED]
#   - lnsigma_int_3[09]: -2.30258509299405    [FIXED]
#----------------------------------------------------------------------------------
# NcmMSet parameters covariance matrix
#                                                  ----------------------------------------------------------------------------------------------------------------------------------------------------------------------
# Omegac[03000:01] =  0.2477      +/-  0.01617     |  1           |  0.003827    |  0.3503      | -0.04615     | -0.2033      |  0.04748     |  0.07241     | -0.04757     | -0.05669     |  0.4075      |  0.3626      |
# Omegak[03000:02] = -0.01349     +/-  0.01705     |  0.003827    |  1           |  0.2443      | -0.9103      |  0.9082      |  0.9097      | -1.07        | -0.03413     | -0.05013     |  0.2772      |  0.2477      |
#    w_0[03000:07] = -0.9403      +/-  0.2776      |  0.3503      |  0.2443      |  1           | -0.552       | -0.07782     |  0.5532      | -0.6766      | -0.08281     | -0.08239     |  0.7413      |  0.6633      |
#    w_1[03000:08] = -0.9613      +/-  6.126e-07   | -0.04615     | -0.9103      | -0.552       |  1           | -0.7883      | -1           |  1.082e+05   |  0.0557      |  0.06854     | -0.4757      | -0.4256      |
#    w_2[03000:09] = -1.021       +/-  0.5025      | -0.2033      |  0.9082      | -0.07782     | -0.7883      |  1           |  0.7875      | -0.8566      | -0.005489    | -0.02116     |  0.02186     |  0.01948     |
#    w_3[03000:10] = -0.9912      +/-  4.081       |  0.04748     |  0.9097      |  0.5532      | -1           |  0.7875      |  1           | -1.379       | -0.0558      | -0.06864     |  0.4766      |  0.4264      |
#    w_4[03000:11] = -5.024e-05   +/-  7.083e-11   |  0.07241     | -1.07        | -0.6766      |  1.082e+05   | -0.8566      | -1.379       |  1           |  0.03506     |  0.02742     | -0.328       | -0.2981      |
#  alpha[14000:00] =  0.1411      +/-  0.00933     | -0.04757     | -0.03413     | -0.08281     |  0.0557      | -0.005489    | -0.0558      |  0.03506     |  1           | -0.04995     |  0.02501     | -0.1729      |
#   beta[14000:01] =  3.098       +/-  0.1138      | -0.05669     | -0.05013     | -0.08239     |  0.06854     | -0.02116     | -0.06864     |  0.02742     | -0.04995     |  1           |  0.0001991   | -0.01806     |
#     M1[14000:02] = -19.04       +/-  0.03828     |  0.4075      |  0.2772      |  0.7413      | -0.4757      |  0.02186     |  0.4766      | -0.328       |  0.02501     |  0.0001991   |  1           |  0.6616      |
#     M2[14000:03] = -19.11       +/-  0.04095     |  0.3626      |  0.2477      |  0.6633      | -0.4256      |  0.01948     |  0.4264      | -0.2981      | -0.1729      | -0.01806     |  0.6616      |  1           |
#                                                  ----------------------------------------------------------------------------------------------------------------------------------------------------------------------
