#----------------------------------------------------------------------------------
# Model[03000]:
#   - NcHICosmo : XCDM - Constant EOS
#----------------------------------------------------------------------------------
# Model parameters
#   -            H0[00]:  70                  [FIXED]
#   -        Omegac[01]:  0.25                [FIXED]
#   -        Omegak[02]:  0                   [FIXED]
#   -       Tgamma0[03]:  2.7245              [FIXED]
#   -            Yp[04]:  0.24                [FIXED]
#   -          ENnu[05]:  3.046               [FIXED]
#   -        Omegab[06]:  0.05                [FIXED]
#   -           w_0[07]: -1                   [FIXED]
#   -           w_1[08]: -1                   [FIXED]
#   -           w_2[09]: -1                   [FIXED]
#   -           w_3[10]: -1                   [FIXED]
#   -           w_4[11]: -1                   [FIXED]
#   -           w_5[12]: -1                   [FIXED]
#   -           w_6[13]: -1                   [FIXED]
#----------------------------------------------------------------------------------
# Model[14000]:
#   - NcSNIADistCov : Supernovae Ia Distance Covariance
#----------------------------------------------------------------------------------
# Model parameters
#   -         alpha[00]:  0.145               [FIXED]
#   -          beta[01]:  3.16                [FIXED]
#   -            M1[02]: -19                  [FIXED]
#   -            M2[03]: -19.2                [FIXED]
#   -  lnsigma_pecz[04]: -7.60021041          [FIXED]
#   -  lnsigma_lens[05]: -2.90042209374967    [FIXED]
#   - lnsigma_int_0[06]: -2.52572864430826    [FIXED]
#   - lnsigma_int_1[07]: -2.22562405185792    [FIXED]
#   - lnsigma_int_2[08]: -2.00991547903123    [FIXED]
#   - lnsigma_int_3[09]: -2.30258509299405    [FIXED]
#----------------------------------------------------------------------------------
# Model fitting. Interating using:
#  - solver:            NLOpt:ln-neldermead
#  - differentiation:   Numerical differentiantion (forward)
#........................................................................................................................................................................................................................................................................................................................................
#  Minimum found with precision: |df|/f =  1.00000e-08 and |dx| =  1.00000e-05
#  Elapsed time: 00 days, 00:20:54.1016730
#  iteration            [003190]
#  function evaluations [003192]
#  gradient evaluations [000000]
#  degrees of freedom   [000756]
#  m2lnL     =     702.433834989315 (     681.17508  0.0074874722   0.001250148    0.29288812     1.3308011     2.5069444     8.8045866     4.5548747     3.7599262 )
#  Fit parameters:
#     0.240059074039291    0.0101516037282249  -1.56344466570401    -0.767753327665756   -1.31658196899774    -0.12149280085457    -0.539377999522628   -0.842769012814858   -0.798607464973267    0.141379308791533    3.09477020460276    -19.0563100689636    -19.1287529882958    
#----------------------------------------------------------------------------------
# Restarting:              yes
#  - absolute improvement: 52.0195606914314      
#  - relative improvement: 0.0689499987530627    
#  - m2lnL_0  :            754.453395680746      
#  - m2lnL_1  :            702.433834989315      
#----------------------------------------------------------------------------------
# Model fitting. Interating using:
#  - solver:            NLOpt:ln-neldermead
#  - differentiation:   Numerical differentiantion (forward)
#...............................................................................................................................................................................................................................................................................................................................................................................................
#  Minimum found with precision: |df|/f =  1.00000e-08 and |dx| =  1.00000e-05
#  Elapsed time: 00 days, 00:31:11.4043970
#  iteration            [003749]
#  function evaluations [003751]
#  gradient evaluations [000000]
#  degrees of freedom   [000756]
#  m2lnL     =     701.826668066888 (     681.19847    0.01212114  0.0041660514    0.31247919     1.3457072     2.5069444     8.6403535     4.5424797     3.2639488 )
#  Fit parameters:
#     0.242603505014618    0.00357662483045431 -1.42159809053823    -0.811507316259078   -1.25232204514725    -0.224194138154581   -0.591751756081089   -0.917319497611849   -0.0509235254418537   0.141293922819121    3.09885299477637    -19.0538444011139    -19.1239255864828    
#----------------------------------------------------------------------------------
# Restarting:              yes
#  - absolute improvement: 0.607166922426472     
#  - relative improvement: 0.000864375962806103  
#  - m2lnL_1  :            702.433834989315      
#  - m2lnL_2  :            701.826668066888      
#----------------------------------------------------------------------------------
# Model fitting. Interating using:
#  - solver:            NLOpt:ln-neldermead
#  - differentiation:   Numerical differentiantion (forward)
#..........................................................................................
#  Minimum found with precision: |df|/f =  1.00000e-08 and |dx| =  1.00000e-05
#  Elapsed time: 00 days, 00:06:45.0293150
#  iteration            [000819]
#  function evaluations [000821]
#  gradient evaluations [000000]
#  degrees of freedom   [000756]
#  m2lnL     =     701.784251248777 (     681.21804   0.011574446  0.0060303103    0.28143591     1.3403303     2.5069444     8.6367711     4.5025844     3.2805435 )
#  Fit parameters:
#     0.242380389679095    0.0033360203908892  -1.42443220494166    -0.812467149466813   -1.23388287433886    -0.238140852014225   -0.583683456976089   -0.901968606478178   -1.27888987901805e-05  0.141237289322439    3.09824377034872    -19.0547392213353    -19.1255413683795    
#----------------------------------------------------------------------------------
# Restarting:              yes
#  - absolute improvement: 0.0424168181112918    
#  - relative improvement: 6.04377406007166e-05  
#  - m2lnL_2  :            701.826668066888      
#  - m2lnL_3  :            701.784251248777      
#----------------------------------------------------------------------------------
# Model fitting. Interating using:
#  - solver:            NLOpt:ln-neldermead
#  - differentiation:   Numerical differentiantion (forward)
#.........................................................................................................................................................................................................................................................................................
#  Minimum found with precision: |df|/f =  1.00000e-08 and |dx| =  1.00000e-05
#  Elapsed time: 00 days, 00:19:39.4330880
#  iteration            [002729]
#  function evaluations [002731]
#  gradient evaluations [000000]
#  degrees of freedom   [000756]
#  m2lnL     =     701.351414126779 (     681.51316  0.0077024056   0.032526598    0.21970776     1.3058938     2.5069444     7.9938385     4.7848003      2.986841 )
#  Fit parameters:
#     0.24462013246551    -0.00945056625529081 -1.27170387591932    -0.828317813132375   -1.1290020853043     -0.678269216666917   -0.952056072559258   -0.517865886403537   -0.373756478073499    0.141122214121043    3.09650456800748    -19.0483983919626    -19.1191157742077    
#----------------------------------------------------------------------------------
# Restarting:              yes
#  - absolute improvement: 0.432837121997522     
#  - relative improvement: 0.00061676665047316   
#  - m2lnL_3  :            701.784251248777      
#  - m2lnL_4  :            701.351414126779      
#----------------------------------------------------------------------------------
# Model fitting. Interating using:
#  - solver:            NLOpt:ln-neldermead
#  - differentiation:   Numerical differentiantion (forward)
#........................................................................................................................................................................................................................................................................................................................................
#  Minimum found with precision: |df|/f =  1.00000e-08 and |dx| =  1.00000e-05
#  Elapsed time: 00 days, 00:17:27.9872010
#  iteration            [003191]
#  function evaluations [003193]
#  gradient evaluations [000000]
#  degrees of freedom   [000756]
#  m2lnL     =     701.238215013647 (     681.52417  0.0077854796   0.033606349    0.21759559     1.3049322     2.5069444      7.992964     4.7931543      2.857062 )
#  Fit parameters:
#     0.245549795739514   -0.00984662825619208 -1.26701366929186    -0.831087775003908   -1.12957047749209    -0.693232988067197   -0.842185204945035   -0.532585011398515   -6.01911483328584e-05  0.141107698866388    3.09659115682263    -19.0481746157896    -19.1188666662521    
#----------------------------------------------------------------------------------
# Restarting:              yes
#  - absolute improvement: 0.113199113132737     
#  - relative improvement: 0.000161401418536634  
#  - m2lnL_4  :            701.351414126779      
#  - m2lnL_5  :            701.238215013647      
#----------------------------------------------------------------------------------
# Model fitting. Interating using:
#  - solver:            NLOpt:ln-neldermead
#  - differentiation:   Numerical differentiantion (forward)
#................................................
#  Minimum found with precision: |df|/f =  1.00000e-08 and |dx| =  1.00000e-05
#  Elapsed time: 00 days, 00:02:04.5954380
#  iteration            [000391]
#  function evaluations [000393]
#  gradient evaluations [000000]
#  degrees of freedom   [000756]
#  m2lnL     =     701.238186596661 (     681.52198  0.0077909077   0.033569673    0.21791742     1.3049272     2.5069444     7.9932531     4.7928559     2.8589454 )
#  Fit parameters:
#     0.245531126295912   -0.00985577371015806 -1.26750799366969    -0.830990874403924   -1.12972309255818    -0.693349703001417   -0.842257039412992   -0.532683443557523   -1.77264211708274e-05  0.141120015208882    3.09646478505332    -19.0482203593478    -19.1189247324671    
#----------------------------------------------------------------------------------
# Restarting:              no
#  - absolute improvement: 2.84169856286098e-05  
#  - relative improvement: 4.05240116984452e-08  
#  - m2lnL_5  :            701.238215013647      
#  - m2lnL_6  :            701.238186596661      
#----------------------------------------------------------------------------------
# Data used:
#   - JLA SNLS3+SDSS Betoule 2014 sys and stat (complete cov)
#   - 6dFGRS -- Beutler (2011), BAO Sample R-Dv
#   - SDSS-DR7-rec -- Padmanabhan (2012), BAO Sample R-Dv
#   - SDSS-DR9-rec -- Anderson (2012), BAO Sample R-Dv
#   - WiggleZ -- Blake (2012), BAO Sample R-Dv
#   - Riess 2008 HST Project sample
#   - Stern 2009 H(z) sample
#   - Moresco 2012 H(z) BC03 sample
#   - WMAP9 distance priors
#----------------------------------------------------------------------------------
# Model[03000]:
#   - NcHICosmo : XCDM - Constant EOS
#----------------------------------------------------------------------------------
# Model parameters
#   -            H0[00]:  70                  [FIXED]
#   -        Omegac[01]:  0.245531126295912   [FREE]
#   -        Omegak[02]: -0.00985577371015806 [FREE]
#   -       Tgamma0[03]:  2.7245              [FIXED]
#   -            Yp[04]:  0.24                [FIXED]
#   -          ENnu[05]:  3.046               [FIXED]
#   -        Omegab[06]:  0.05                [FIXED]
#   -           w_0[07]: -1.26750799366969    [FREE]
#   -           w_1[08]: -0.830990874403924   [FREE]
#   -           w_2[09]: -1.12972309255818    [FREE]
#   -           w_3[10]: -0.693349703001417   [FREE]
#   -           w_4[11]: -0.842257039412992   [FREE]
#   -           w_5[12]: -0.532683443557523   [FREE]
#   -           w_6[13]: -1.77264211708274e-05 [FREE]
#----------------------------------------------------------------------------------
# Model[14000]:
#   - NcSNIADistCov : Supernovae Ia Distance Covariance
#----------------------------------------------------------------------------------
# Model parameters
#   -         alpha[00]:  0.141120015208882   [FREE]
#   -          beta[01]:  3.09646478505332    [FREE]
#   -            M1[02]: -19.0482203593478    [FREE]
#   -            M2[03]: -19.1189247324671    [FREE]
#   -  lnsigma_pecz[04]: -7.60021041          [FIXED]
#   -  lnsigma_lens[05]: -2.90042209374967    [FIXED]
#   - lnsigma_int_0[06]: -2.52572864430826    [FIXED]
#   - lnsigma_int_1[07]: -2.22562405185792    [FIXED]
#   - lnsigma_int_2[08]: -2.00991547903123    [FIXED]
#   - lnsigma_int_3[09]: -2.30258509299405    [FIXED]
#----------------------------------------------------------------------------------
# NcmMSet parameters covariance matrix
#                                                  ----------------------------------------------------------------------------------------------------------------------------------------------------------------------------------------------------
# Omegac[03000:01] =  0.2455      +/-  0.01746     |  1           | -0.2756      |  0.3862      | -0.1636      |  0.1747      | -0.3832      |  0.05675     |  0.3947      |  0.03456     | -0.05677     | -0.06173     |  0.5095      |  0.465       |
# Omegak[03000:02] = -0.009856    +/-  0.01645     | -0.2756      |  1           | -0.3085      |  0.1018      | -0.3649      |  0.9388      | -0.3706      | -0.9388      |  2.492       |  0.01189     |  0.006772    | -0.1917      | -0.1797      |
#    w_0[03000:07] = -1.268       +/-  0.6748      |  0.3862      | -0.3085      |  1           | -0.8613      |  0.4495      | -0.3978      | -0.3033      |  0.4324      | -0.08064     | -0.0627      | -0.03672     |  0.6919      |  0.6471      |
#    w_1[03000:08] = -0.831       +/-  0.2229      | -0.1636      |  0.1018      | -0.8613      |  1           | -0.4015      |  0.1596      |  0.4462      | -0.1975      | -0.1061      |  0.02779     | -0.004297    | -0.4061      | -0.39        |
#    w_2[03000:09] = -1.13        +/-  0.3656      |  0.1747      | -0.3649      |  0.4495      | -0.4015      |  1           | -0.5461      | -0.684       |  0.5496      | -0.204       | -0.005602    | -0.007358    |  0.1857      |  0.1816      |
#    w_3[03000:10] = -0.6933      +/-  1.067       | -0.3832      |  0.9388      | -0.3978      |  0.1596      | -0.5461      |  1           | -0.221       | -0.9991      | -0.01435     |  0.01966     |  0.01721     | -0.2746      | -0.2567      |
#    w_4[03000:11] = -0.8423      +/-  0.3049      |  0.05675     | -0.3706      | -0.3033      |  0.4462      | -0.684       | -0.221       |  1           |  0.2104      |  29.68       | -0.001216    | -0.001353    | -0.07208     | -0.07627     |
#    w_5[03000:12] = -0.5327      +/-  1.331       |  0.3947      | -0.9388      |  0.4324      | -0.1975      |  0.5496      | -0.9991      |  0.2104      |  1           |  5.009       | -0.02151     | -0.01772     |  0.2956      |  0.2765      |
#    w_6[03000:13] = -1.773e-05   +/-  6.648e-05   |  0.03456     |  2.492       | -0.08064     | -0.1061      | -0.204       | -0.01435     |  29.68       |  5.009       |  1           |  0.005583    |  0.01128     | -0.02107     | -0.01876     |
#  alpha[14000:00] =  0.1411      +/-  0.009334    | -0.05677     |  0.01189     | -0.0627      |  0.02779     | -0.005602    |  0.01966     | -0.001216    | -0.02151     |  0.005583    |  1           | -0.04961     |  0.009831    | -0.1677      |
#   beta[14000:01] =  3.096       +/-  0.1137      | -0.06173     |  0.006772    | -0.03672     | -0.004297    | -0.007358    |  0.01721     | -0.001353    | -0.01772     |  0.01128     | -0.04961     |  1           | -0.001809    | -0.01831     |
#     M1[14000:02] = -19.05       +/-  0.04299     |  0.5095      | -0.1917      |  0.6919      | -0.4061      |  0.1857      | -0.2746      | -0.07208     |  0.2956      | -0.02107     |  0.009831    | -0.001809    |  1           |  0.7285      |
#     M2[14000:03] = -19.12       +/-  0.04548     |  0.465       | -0.1797      |  0.6471      | -0.39        |  0.1816      | -0.2567      | -0.07627     |  0.2765      | -0.01876     | -0.1677      | -0.01831     |  0.7285      |  1           |
#                                                  ----------------------------------------------------------------------------------------------------------------------------------------------------------------------------------------------------
