#----------------------------------------------------------------------------------
# Model[03000]:
#   - NcHICosmo : XCDM - Constant EOS
#----------------------------------------------------------------------------------
# Model parameters
#   -            H0[00]:  70                  [FIXED]
#   -        Omegac[01]:  0.25                [FIXED]
#   -        Omegak[02]:  0                   [FIXED]
#   -       Tgamma0[03]:  2.7245              [FIXED]
#   -            Yp[04]:  0.24                [FIXED]
#   -          ENnu[05]:  3.046               [FIXED]
#   -        Omegab[06]:  0.05                [FIXED]
#   -           w_0[07]: -1                   [FIXED]
#   -           w_1[08]: -1                   [FIXED]
#   -           w_2[09]: -1                   [FIXED]
#   -           w_3[10]: -1                   [FIXED]
#   -           w_4[11]: -1                   [FIXED]
#   -           w_5[12]: -1                   [FIXED]
#   -           w_6[13]: -1                   [FIXED]
#----------------------------------------------------------------------------------
# Model[14000]:
#   - NcSNIADistCov : Supernovae Ia Distance Covariance
#----------------------------------------------------------------------------------
# Model parameters
#   -         alpha[00]:  0.145               [FIXED]
#   -          beta[01]:  3.16                [FIXED]
#   -            M1[02]: -19                  [FIXED]
#   -            M2[03]: -19.2                [FIXED]
#   -  lnsigma_pecz[04]: -7.60021041          [FIXED]
#   -  lnsigma_lens[05]: -2.90042209374967    [FIXED]
#   - lnsigma_int_0[06]: -2.52572864430826    [FIXED]
#   - lnsigma_int_1[07]: -2.22562405185792    [FIXED]
#   - lnsigma_int_2[08]: -2.00991547903123    [FIXED]
#   - lnsigma_int_3[09]: -2.30258509299405    [FIXED]
#----------------------------------------------------------------------------------
# Model fitting. Interating using:
#  - solver:            NLOpt:ln-neldermead
#  - differentiation:   Numerical differentiantion (forward)
#..........................................................................................................................................................................................................
#  Minimum found with precision: |df|/f =  1.00000e-08 and |dx| =  1.00000e-05
#  Elapsed time: 00 days, 00:06:57.1341080
#  iteration            [001930]
#  function evaluations [001932]
#  gradient evaluations [000000]
#  degrees of freedom   [000757]
#  m2lnL     =     703.767457986868 (     681.29714    0.11135838   0.062255738  0.00046509696     1.2345662     6.4086692     8.9845561       4.86352    0.80493079 )
#  Fit parameters:
#     67.7243161318289    -1.29756929726097    -0.877829719235237   -1.18202395560344    -0.658134591397985   -0.54884885092173    -0.757116434023441   -0.858700823023626    0.141254634926577    3.0985867565362     -19.1242776823065    -19.1947192876883    
#----------------------------------------------------------------------------------
# Restarting:              yes
#  - absolute improvement: 50.6859376938783      
#  - relative improvement: 0.0671823309220368    
#  - m2lnL_0  :            754.453395680746      
#  - m2lnL_1  :            703.767457986868      
#----------------------------------------------------------------------------------
# Model fitting. Interating using:
#  - solver:            NLOpt:ln-neldermead
#  - differentiation:   Numerical differentiantion (forward)
#...................................................................................................................................................................................................................................................................
#  Minimum found with precision: |df|/f =  1.00000e-08 and |dx| =  1.00000e-05
#  Elapsed time: 00 days, 00:09:48.9653860
#  iteration            [002501]
#  function evaluations [002503]
#  gradient evaluations [000000]
#  degrees of freedom   [000757]
#  m2lnL     =     701.199177794332 (     681.71333   0.062781447  0.0047273885   0.050013836     1.2504515     4.4196254     8.3030739     4.6294952    0.76567533 )
#  Fit parameters:
#     68.7545027705222    -1.13080029293988    -0.886838703795033   -1.16820036946472    -0.790637786211231   -0.223424138378089   -0.00285164202594814 -1.31334327487863e-06  0.140067761403546    3.10342096237933    -19.0824272018225    -19.1493577271739    
#----------------------------------------------------------------------------------
# Restarting:              yes
#  - absolute improvement: 2.56828019253555      
#  - relative improvement: 0.00364933070347148   
#  - m2lnL_1  :            703.767457986868      
#  - m2lnL_2  :            701.199177794332      
#----------------------------------------------------------------------------------
# Model fitting. Interating using:
#  - solver:            NLOpt:ln-neldermead
#  - differentiation:   Numerical differentiantion (forward)
#.......................................................................................
#  Minimum found with precision: |df|/f =  1.00000e-08 and |dx| =  1.00000e-05
#  Elapsed time: 00 days, 00:02:32.1557490
#  iteration            [000788]
#  function evaluations [000790]
#  gradient evaluations [000000]
#  degrees of freedom   [000757]
#  m2lnL     =     700.732664550632 (     681.70326  0.0091809556   0.031328177      0.155916     1.2929009     3.6320138     8.1352857     4.5683922     1.2043829 )
#  Fit parameters:
#     69.2261176759146    -1.22518724230513    -0.856685878449294   -1.13554588677358    -0.760196258579597   -0.213239545816149   -0.000654878346584287 -0.00348018230855078  0.141043605286407    3.09553484370507    -19.0686323564601    -19.1394155337835    
#----------------------------------------------------------------------------------
# Restarting:              yes
#  - absolute improvement: 0.466513243700092     
#  - relative improvement: 0.000665307744894311  
#  - m2lnL_2  :            701.199177794332      
#  - m2lnL_3  :            700.732664550632      
#----------------------------------------------------------------------------------
# Model fitting. Interating using:
#  - solver:            NLOpt:ln-neldermead
#  - differentiation:   Numerical differentiantion (forward)
#........................................................
#  Minimum found with precision: |df|/f =  1.00000e-08 and |dx| =  1.00000e-05
#  Elapsed time: 00 days, 00:01:31.8868020
#  iteration            [000475]
#  function evaluations [000477]
#  gradient evaluations [000000]
#  degrees of freedom   [000757]
#  m2lnL     =     700.731997642619 (     681.70569  0.0092384518   0.030897713    0.15217176     1.2920262     3.6319622     8.1352892     4.5664041     1.2083187 )
#  Fit parameters:
#     69.226150143519     -1.22604634593686    -0.856536409272088   -1.13439301304382    -0.761153882831162   -0.213679353652117   -0.000670175995337016  0                    0.141040880349354    3.0956730211493     -19.0686869785791    -19.1394755069504    
#----------------------------------------------------------------------------------
# Restarting:              no
#  - absolute improvement: 0.000666908012931344  
#  - relative improvement: 9.5172959199643e-07   
#  - m2lnL_3  :            700.732664550632      
#  - m2lnL_4  :            700.731997642619      
#----------------------------------------------------------------------------------
# Data used:
#   - JLA SNLS3+SDSS Betoule 2014 sys and stat (complete cov)
#   - 6dFGRS -- Beutler (2011), BAO Sample R-Dv
#   - SDSS-DR7-rec -- Padmanabhan (2012), BAO Sample R-Dv
#   - SDSS-DR9-rec -- Anderson (2012), BAO Sample R-Dv
#   - WiggleZ -- Blake (2012), BAO Sample R-Dv
#   - Riess 2008 HST Project sample
#   - Stern 2009 H(z) sample
#   - Moresco 2012 H(z) BC03 sample
#   - WMAP9 distance priors
#----------------------------------------------------------------------------------
# Model[03000]:
#   - NcHICosmo : XCDM - Constant EOS
#----------------------------------------------------------------------------------
# Model parameters
#   -            H0[00]:  69.226150143519     [FREE]
#   -        Omegac[01]:  0.25                [FIXED]
#   -        Omegak[02]:  0                   [FIXED]
#   -       Tgamma0[03]:  2.7245              [FIXED]
#   -            Yp[04]:  0.24                [FIXED]
#   -          ENnu[05]:  3.046               [FIXED]
#   -        Omegab[06]:  0.05                [FIXED]
#   -           w_0[07]: -1.22604634593686    [FREE]
#   -           w_1[08]: -0.856536409272088   [FREE]
#   -           w_2[09]: -1.13439301304382    [FREE]
#   -           w_3[10]: -0.761153882831162   [FREE]
#   -           w_4[11]: -0.213679353652117   [FREE]
#   -           w_5[12]: -0.000670175995337016 [FREE]
#   -           w_6[13]:  0                   [FREE]
#----------------------------------------------------------------------------------
# Model[14000]:
#   - NcSNIADistCov : Supernovae Ia Distance Covariance
#----------------------------------------------------------------------------------
# Model parameters
#   -         alpha[00]:  0.141040880349354   [FREE]
#   -          beta[01]:  3.0956730211493     [FREE]
#   -            M1[02]: -19.0686869785791    [FREE]
#   -            M2[03]: -19.1394755069504    [FREE]
#   -  lnsigma_pecz[04]: -7.60021041          [FIXED]
#   -  lnsigma_lens[05]: -2.90042209374967    [FIXED]
#   - lnsigma_int_0[06]: -2.52572864430826    [FIXED]
#   - lnsigma_int_1[07]: -2.22562405185792    [FIXED]
#   - lnsigma_int_2[08]: -2.00991547903123    [FIXED]
#   - lnsigma_int_3[09]: -2.30258509299405    [FIXED]
#----------------------------------------------------------------------------------
# NcmMSet parameters covariance matrix
#                                                 -------------------------------------------------------------------------------------------------------------------------------------------------------------------------------------
#    H0[03000:00] =  69.23       +/-  1.389       |  1           | -0.06626     |  0.03127     |  0.0502      | -0.6505      |  0.7153      |  0.1147      |  0.6969      |  0.02004     |  0.02372     |  0.8291      |  0.8094      |
#   w_0[03000:07] = -1.226       +/-  0.4298      | -0.06626     |  1           | -0.8728      |  0.3105      |  0.1059      | -0.1332      |  0.0002733   | -0.06112     | -0.04934     | -0.01866     |  0.288       |  0.2781      |
#   w_1[03000:08] = -0.8565      +/-  0.1589      |  0.03127     | -0.8728      |  1           | -0.3624      |  0.008247    |  0.001076    |  0.02055     | -0.07218     |  0.01529     | -0.01945     | -0.1562      | -0.1582      |
#   w_2[03000:09] = -1.134       +/-  0.2363      |  0.0502      |  0.3105      | -0.3624      |  1           | -0.1401      |  0.004978    |  0.1162      |  0.1512      |  0.009736    |  0.006638    |  0.06056     |  0.06538     |
#   w_3[03000:10] = -0.7612      +/-  0.7326      | -0.6505      |  0.1059      |  0.008247    | -0.1401      |  1           | -0.9644      | -0.2987      | -0.9694      | -0.03771     | -0.04401     | -0.4374      | -0.4328      |
#   w_4[03000:11] = -0.2137      +/-  1.276       |  0.7153      | -0.1332      |  0.001076    |  0.004978    | -0.9644      |  1           |  0.111       |  0.9868      |  0.03818     |  0.04635     |  0.488       |  0.4819      |
#   w_5[03000:12] = -0.0006702   +/-  0.2166      |  0.1147      |  0.0002733   |  0.02055     |  0.1162      | -0.2987      |  0.111       |  1           |  0.0818      |  0.004997    |  0.004533    |  0.09078     |  0.08916     |
#   w_6[03000:13] =  0           +/-  5.1         |  0.6969      | -0.06112     | -0.07218     |  0.1512      | -0.9694      |  0.9868      |  0.0818      |  1           |  0.03762     |  0.04609     |  0.4852      |  0.4799      |
# alpha[14000:00] =  0.141       +/-  0.006593    |  0.02004     | -0.04934     |  0.01529     |  0.009736    | -0.03771     |  0.03818     |  0.004997    |  0.03762     |  1           | -0.05142     |  0.03668     | -0.08018     |
#  beta[14000:01] =  3.096       +/-  0.08033     |  0.02372     | -0.01866     | -0.01945     |  0.006638    | -0.04401     |  0.04635     |  0.004533    |  0.04609     | -0.05142     |  1           |  0.03293     |  0.0209      |
#    M1[14000:02] = -19.07       +/-  0.04791     |  0.8291      |  0.288       | -0.1562      |  0.06056     | -0.4374      |  0.488       |  0.09078     |  0.4852      |  0.03668     |  0.03293     |  1           |  0.8875      |
#    M2[14000:03] = -19.14       +/-  0.04931     |  0.8094      |  0.2781      | -0.1582      |  0.06538     | -0.4328      |  0.4819      |  0.08916     |  0.4799      | -0.08018     |  0.0209      |  0.8875      |  1           |
#                                                 -------------------------------------------------------------------------------------------------------------------------------------------------------------------------------------
