#----------------------------------------------------------------------------------
# Model[03000]:
#   - NcHICosmo : XCDM - Constant EOS
#----------------------------------------------------------------------------------
# Model parameters
#   -            H0[00]:  70                  [FIXED]
#   -        Omegac[01]:  0.25                [FIXED]
#   -        Omegak[02]:  0                   [FIXED]
#   -       Tgamma0[03]:  2.7245              [FIXED]
#   -            Yp[04]:  0.24                [FIXED]
#   -          ENnu[05]:  3.046               [FIXED]
#   -        Omegab[06]:  0.05                [FIXED]
#   -           w_0[07]: -1                   [FIXED]
#   -           w_1[08]: -1                   [FIXED]
#   -           w_2[09]: -1                   [FIXED]
#   -           w_3[10]: -1                   [FIXED]
#   -           w_4[11]: -1                   [FIXED]
#   -           w_5[12]: -1                   [FIXED]
#   -           w_6[13]: -1                   [FIXED]
#   -           w_7[14]: -1                   [FIXED]
#----------------------------------------------------------------------------------
# Model[14000]:
#   - NcSNIADistCov : Supernovae Ia Distance Covariance
#----------------------------------------------------------------------------------
# Model parameters
#   -         alpha[00]:  0.145               [FIXED]
#   -          beta[01]:  3.16                [FIXED]
#   -            M1[02]: -19                  [FIXED]
#   -            M2[03]: -19.2                [FIXED]
#   -  lnsigma_pecz[04]: -7.60021041          [FIXED]
#   -  lnsigma_lens[05]: -2.90042209374967    [FIXED]
#   - lnsigma_int_0[06]: -2.52572864430826    [FIXED]
#   - lnsigma_int_1[07]: -2.22562405185792    [FIXED]
#   - lnsigma_int_2[08]: -2.00991547903123    [FIXED]
#   - lnsigma_int_3[09]: -2.30258509299405    [FIXED]
#----------------------------------------------------------------------------------
# Model fitting. Interating using:
#  - solver:            NLOpt:ln-neldermead
#  - differentiation:   Numerical differentiantion (forward)
#.............................................................................................................................................................................................................................................
#  Minimum found with precision: |df|/f =  1.00000e-08 and |dx| =  1.00000e-05
#  Elapsed time: 00 days, 00:19:12.1274710
#  iteration            [002282]
#  function evaluations [002284]
#  gradient evaluations [000000]
#  degrees of freedom   [000755]
#  m2lnL     =     702.403377944701 (      680.9733    0.14598901    0.17809859  0.0064144359     1.3611128     5.6960242     8.7563599     4.3257419     0.9603406 )
#  Fit parameters:
#     68.0720772221515     0.240318236089295   -1.62047483867246    -0.826358693595845   -1.26846910118944    -0.509226182223243   -0.751596489823915   -0.924229674567106   -0.859189955535669   -0.932199000642066    0.141420922250735    3.09901219619458    -19.1266789729878    -19.1970236325521    
#----------------------------------------------------------------------------------
# Restarting:              yes
#  - absolute improvement: 52.0500177360454      
#  - relative improvement: 0.0689903684363174    
#  - m2lnL_0  :            754.453395680746      
#  - m2lnL_1  :            702.403377944701      
#----------------------------------------------------------------------------------
# Model fitting. Interating using:
#  - solver:            NLOpt:ln-neldermead
#  - differentiation:   Numerical differentiantion (forward)
#..............................................................................................................................................................................................................................................................................................................................................................................................................................................................
#  Minimum found with precision: |df|/f =  1.00000e-08 and |dx| =  1.00000e-05
#  Elapsed time: 00 days, 00:36:27.8905430
#  iteration            [004378]
#  function evaluations [004380]
#  gradient evaluations [000000]
#  degrees of freedom   [000755]
#  m2lnL     =      702.03518609831 (     681.14782    0.12770814    0.20082465   0.011862167     1.4364649     5.4961262     8.4873163     3.9581561     1.1689118 )
#  Fit parameters:
#     68.1734835680232     0.237948841756027   -1.77381787334546    -0.795902354821165   -1.3148123429314     -0.289699899111818   -1.75499665042102    -0.0315208605714859  -0.00232374133174276 -4.99239679527061     0.141557942826311    3.09818238176267    -19.1282847868789    -19.198465366895     
#----------------------------------------------------------------------------------
# Restarting:              yes
#  - absolute improvement: 0.368191846391142     
#  - relative improvement: 0.000524188604372186  
#  - m2lnL_1  :            702.403377944701      
#  - m2lnL_2  :            702.03518609831       
#----------------------------------------------------------------------------------
# Model fitting. Interating using:
#  - solver:            NLOpt:ln-neldermead
#  - differentiation:   Numerical differentiantion (forward)
#................................................................................................................................................
#  Minimum found with precision: |df|/f =  1.00000e-08 and |dx| =  1.00000e-05
#  Elapsed time: 00 days, 00:10:14.4710920
#  iteration            [001351]
#  function evaluations [001353]
#  gradient evaluations [000000]
#  degrees of freedom   [000755]
#  m2lnL     =     701.894933378837 (     681.37249    0.14686396    0.16534159    0.02328738     1.5003958     5.7076313     8.3924575     3.6485467    0.93791779 )
#  Fit parameters:
#     68.0662441171594     0.240060163235572   -1.68986354869403    -0.830459064644604   -1.33188934012485    -0.145329973726207   -2.30519538478235    -0.00177871519118854 -4.55341198139314e-05 -4.6604240085604      0.141376303660776    3.09646422849689    -19.1271604658111    -19.1974019196513    
#----------------------------------------------------------------------------------
# Restarting:              yes
#  - absolute improvement: 0.140252719472755     
#  - relative improvement: 0.000199780185167407  
#  - m2lnL_2  :            702.03518609831       
#  - m2lnL_3  :            701.894933378837      
#----------------------------------------------------------------------------------
# Model fitting. Interating using:
#  - solver:            NLOpt:ln-neldermead
#  - differentiation:   Numerical differentiantion (forward)
#............................................
#  Minimum found with precision: |df|/f =  1.00000e-08 and |dx| =  1.00000e-05
#  Elapsed time: 00 days, 00:02:40.9869780
#  iteration            [000358]
#  function evaluations [000360]
#  gradient evaluations [000000]
#  degrees of freedom   [000755]
#  m2lnL     =     701.892142362318 (     681.37427    0.14766081    0.16830577   0.022236402     1.5002902     5.7140795      8.389533     3.6480038    0.92776419 )
#  Fit parameters:
#     68.0630061870983     0.240024990161205   -1.68962425954682    -0.830131138284239   -1.33202385378323    -0.144595170288095   -2.31037666384519    -1.26887546349047e-05 -2.14393129853375e-06 -4.65651653453386     0.141330573811318    3.09660695400483    -19.127132985218     -19.197483018598     
#----------------------------------------------------------------------------------
# Restarting:              yes
#  - absolute improvement: 0.00279101651847213   
#  - relative improvement: 3.9764021447434e-06   
#  - m2lnL_3  :            701.894933378837      
#  - m2lnL_4  :            701.892142362318      
#----------------------------------------------------------------------------------
# Model fitting. Interating using:
#  - solver:            NLOpt:ln-neldermead
#  - differentiation:   Numerical differentiantion (forward)
#..................................................................................................
#  Minimum found with precision: |df|/f =  1.00000e-08 and |dx| =  1.00000e-05
#  Elapsed time: 00 days, 00:06:47.7753710
#  iteration            [000894]
#  function evaluations [000896]
#  gradient evaluations [000000]
#  degrees of freedom   [000755]
#  m2lnL     =     701.889610617701 (     681.37129    0.14464138    0.16734408   0.022986358     1.5008799     5.6957383     8.3927419     3.6461683    0.94781608 )
#  Fit parameters:
#     68.0722209787974     0.239877561035751   -1.70043084662126    -0.827382860253984   -1.33278308347138    -0.142231605004976   -2.31596976244393    -3.33344731816373e-05 -0.000493559402897275 -4.99763530054624     0.141281275786915    3.0968626895875     -19.1273618363834    -19.1976505362367    
#----------------------------------------------------------------------------------
# Restarting:              yes
#  - absolute improvement: 0.00253174461693106   
#  - relative improvement: 3.60702800918973e-06  
#  - m2lnL_4  :            701.892142362318      
#  - m2lnL_5  :            701.889610617701      
#----------------------------------------------------------------------------------
# Model fitting. Interating using:
#  - solver:            NLOpt:ln-neldermead
#  - differentiation:   Numerical differentiantion (forward)
#.........................................................................................
#  Minimum found with precision: |df|/f =  1.00000e-08 and |dx| =  1.00000e-05
#  Elapsed time: 00 days, 00:06:02.2524830
#  iteration            [000800]
#  function evaluations [000802]
#  gradient evaluations [000000]
#  degrees of freedom   [000755]
#  m2lnL     =     701.888814100749 (     681.39545    0.14432713    0.16717803   0.022370363     1.5043618     5.7162664     8.3861259     3.6262485    0.92649058 )
#  Fit parameters:
#     68.0619084801524     0.240055707058314   -1.69742464459373    -0.827984664233851   -1.3333171201999     -0.134020523209822   -2.35248068508611    -6.8887018262977e-06 -0.000266485629644422 -4.99955269024591     0.141334264555316    3.09704246651611    -19.1272552169041    -19.1976757359307    
#----------------------------------------------------------------------------------
# Restarting:              no
#  - absolute improvement: 0.000796516952163984  
#  - relative improvement: 1.13481798293467e-06  
#  - m2lnL_5  :            701.889610617701      
#  - m2lnL_6  :            701.888814100749      
#----------------------------------------------------------------------------------
# Data used:
#   - JLA SNLS3+SDSS Betoule 2014 sys and stat (complete cov)
#   - 6dFGRS -- Beutler (2011), BAO Sample R-Dv
#   - SDSS-DR7-rec -- Padmanabhan (2012), BAO Sample R-Dv
#   - SDSS-DR9-rec -- Anderson (2012), BAO Sample R-Dv
#   - WiggleZ -- Blake (2012), BAO Sample R-Dv
#   - Riess 2008 HST Project sample
#   - Stern 2009 H(z) sample
#   - Moresco 2012 H(z) BC03 sample
#   - WMAP9 distance priors
#----------------------------------------------------------------------------------
# Model[03000]:
#   - NcHICosmo : XCDM - Constant EOS
#----------------------------------------------------------------------------------
# Model parameters
#   -            H0[00]:  68.0619084801524    [FREE]
#   -        Omegac[01]:  0.240055707058314   [FREE]
#   -        Omegak[02]:  0                   [FIXED]
#   -       Tgamma0[03]:  2.7245              [FIXED]
#   -            Yp[04]:  0.24                [FIXED]
#   -          ENnu[05]:  3.046               [FIXED]
#   -        Omegab[06]:  0.05                [FIXED]
#   -           w_0[07]: -1.69742464459373    [FREE]
#   -           w_1[08]: -0.827984664233851   [FREE]
#   -           w_2[09]: -1.3333171201999     [FREE]
#   -           w_3[10]: -0.134020523209822   [FREE]
#   -           w_4[11]: -2.35248068508611    [FREE]
#   -           w_5[12]: -6.8887018262977e-06 [FREE]
#   -           w_6[13]: -0.000266485629644422 [FREE]
#   -           w_7[14]: -4.99955269024591    [FREE]
#----------------------------------------------------------------------------------
# Model[14000]:
#   - NcSNIADistCov : Supernovae Ia Distance Covariance
#----------------------------------------------------------------------------------
# Model parameters
#   -         alpha[00]:  0.141334264555316   [FREE]
#   -          beta[01]:  3.09704246651611    [FREE]
#   -            M1[02]: -19.1272552169041    [FREE]
#   -            M2[03]: -19.1976757359307    [FREE]
#   -  lnsigma_pecz[04]: -7.60021041          [FIXED]
#   -  lnsigma_lens[05]: -2.90042209374967    [FIXED]
#   - lnsigma_int_0[06]: -2.52572864430826    [FIXED]
#   - lnsigma_int_1[07]: -2.22562405185792    [FIXED]
#   - lnsigma_int_2[08]: -2.00991547903123    [FIXED]
#   - lnsigma_int_3[09]: -2.30258509299405    [FIXED]
#----------------------------------------------------------------------------------
# NcmMSet parameters covariance matrix
#                                                  -------------------------------------------------------------------------------------------------------------------------------------------------------------------------------------------------------------------
#     H0[03000:00] =  68.06       +/-  1.085       |  1           | -0.6971      | -0.3607      |  0.2238      | -0.1613      | -0.08819     | -0.2949      |  0.1447      | -0.2978      | -0.3298      |  0.05145     |  0.05524     |  0.3395      |  0.3299      |
# Omegac[03000:01] =  0.2401      +/-  0.01935     | -0.6971      |  1           |  0.4424      | -0.2967      |  0.2073      |  0.0003714   |  1.01        | -0.2331      |  0.4796      |  0.5157      | -0.06056     | -0.06414     |  0.01078     | -0.005316    |
#    w_0[03000:07] = -1.697       +/-  0.761       | -0.3607      |  0.4424      |  1           | -0.8961      |  0.4119      | -0.08865     |  0.6549      | -0.2033      |  0.4181      |  0.3128      | -0.05952     | -0.02707     |  0.4465      |  0.412       |
#    w_1[03000:08] = -0.828       +/-  0.234       |  0.2238      | -0.2967      | -0.8961      |  1           | -0.2925      | -0.04431     | -0.6027      |  0.09332     | -0.1921      | -0.2376      |  0.03264     | -0.007303    | -0.3287      | -0.3119      |
#    w_2[03000:09] = -1.333       +/-  0.3531      | -0.1613      |  0.2073      |  0.4119      | -0.2925      |  1           | -0.304       |  0.2385      | -0.2087      |  0.4288      |  0.1725      |  0.001956    |  0.005091    |  0.03948     |  0.04449     |
#    w_3[03000:10] = -0.134       +/-  0.6325      | -0.08819     |  0.0003714   | -0.08865     | -0.04431     | -0.304       |  1           | -0.4336      |  0.1636      | -0.3347      |  0.4915      | -0.01715     | -0.02612     | -0.03554     | -0.03874     |
#    w_4[03000:11] = -2.352       +/-  0.3772      | -0.2949      |  1.01        |  0.6549      | -0.6027      |  0.2385      | -0.4336      |  1           | -4.189       |  8.614       |  1.886       | -0.04822     | -0.03125     |  0.3397      |  0.3099      |
#    w_5[03000:12] = -6.889e-06   +/-  0.02156     |  0.1447      | -0.2331      | -0.2033      |  0.09332     | -0.2087      |  0.1636      | -4.189       |  1           | -0.5453      | -0.5932      |  0.01368     |  0.008378    | -0.06164     | -0.05506     |
#    w_6[03000:13] = -0.0002665   +/-  0.7182      | -0.2978      |  0.4796      |  0.4181      | -0.1921      |  0.4288      | -0.3347      |  8.614       | -0.5453      |  1           |  1.221       | -0.02817     | -0.01731     |  0.1268      |  0.1133      |
#    w_7[03000:14] = -5           +/-  223.6       | -0.3298      |  0.5157      |  0.3128      | -0.2376      |  0.1725      |  0.4915      |  1.886       | -0.5932      |  1.221       |  1           | -0.04473     | -0.04891     |  0.1326      |  0.1131      |
#  alpha[14000:00] =  0.1413      +/-  0.009338    |  0.05145     | -0.06056     | -0.05952     |  0.03264     |  0.001956    | -0.01715     | -0.04822     |  0.01368     | -0.02817     | -0.04473     |  1           | -0.04885     |  0.0478      | -0.1338      |
#   beta[14000:01] =  3.097       +/-  0.1138      |  0.05524     | -0.06414     | -0.02707     | -0.007303    |  0.005091    | -0.02612     | -0.03125     |  0.008378    | -0.01731     | -0.04891     | -0.04885     |  1           |  0.04308     |  0.02376     |
#     M1[14000:02] = -19.13       +/-  0.04208     |  0.3395      |  0.01078     |  0.4465      | -0.3287      |  0.03948     | -0.03554     |  0.3397      | -0.06164     |  0.1268      |  0.1326      |  0.0478      |  0.04308     |  1           |  0.7211      |
#     M2[14000:03] = -19.2        +/-  0.04511     |  0.3299      | -0.005316    |  0.412       | -0.3119      |  0.04449     | -0.03874     |  0.3099      | -0.05506     |  0.1133      |  0.1131      | -0.1338      |  0.02376     |  0.7211      |  1           |
#                                                  -------------------------------------------------------------------------------------------------------------------------------------------------------------------------------------------------------------------
