#----------------------------------------------------------------------------------
# Model[03000]:
#   - NcHICosmo : XCDM - Constant EOS
#----------------------------------------------------------------------------------
# Model parameters
#   -            H0[00]:  70                  [FIXED]
#   -        Omegac[01]:  0.25                [FIXED]
#   -        Omegak[02]:  0                   [FIXED]
#   -       Tgamma0[03]:  2.7245              [FIXED]
#   -            Yp[04]:  0.24                [FIXED]
#   -          ENnu[05]:  3.046               [FIXED]
#   -        Omegab[06]:  0.05                [FIXED]
#   -           w_0[07]: -1                   [FIXED]
#   -           w_1[08]: -1                   [FIXED]
#   -           w_2[09]: -1                   [FIXED]
#   -           w_3[10]: -1                   [FIXED]
#   -           w_4[11]: -1                   [FIXED]
#   -           w_5[12]: -1                   [FIXED]
#   -           w_6[13]: -1                   [FIXED]
#   -           w_7[14]: -1                   [FIXED]
#   -           w_8[15]: -1                   [FIXED]
#   -           w_9[16]: -1                   [FIXED]
#----------------------------------------------------------------------------------
# Model[14000]:
#   - NcSNIADistCov : Supernovae Ia Distance Covariance
#----------------------------------------------------------------------------------
# Model parameters
#   -         alpha[00]:  0.145               [FIXED]
#   -          beta[01]:  3.16                [FIXED]
#   -            M1[02]: -19                  [FIXED]
#   -            M2[03]: -19.2                [FIXED]
#   -  lnsigma_pecz[04]: -7.60021041          [FIXED]
#   -  lnsigma_lens[05]: -2.90042209374967    [FIXED]
#   - lnsigma_int_0[06]: -2.52572864430826    [FIXED]
#   - lnsigma_int_1[07]: -2.22562405185792    [FIXED]
#   - lnsigma_int_2[08]: -2.00991547903123    [FIXED]
#   - lnsigma_int_3[09]: -2.30258509299405    [FIXED]
#----------------------------------------------------------------------------------
# Model fitting. Interating using:
#  - solver:            NLOpt:ln-neldermead
#  - differentiation:   Numerical differentiantion (forward)
#...............................................................................................................................................................................................................................................................................
#  Minimum found with precision: |df|/f =  1.00000e-08 and |dx| =  1.00000e-05
#  Elapsed time: 00 days, 00:04:49.4270860
#  iteration            [002627]
#  function evaluations [002629]
#  gradient evaluations [000000]
#  degrees of freedom   [000754]
#  m2lnL     =     719.668428013423 (     680.73439    0.12135207    0.11928937   0.042731505     1.2589544     2.5069444     7.9847185      4.590357      22.30969 )
#  Fit parameters:
#    -0.0062619637326559  -1.53197891741438    -0.840493282648688   -1.11988971887777    -1.37132325239832    -0.769037675300518   -2.56584830053217    -1.05866305490911    -0.649360852191457   -1.00898389944071    -1.03528461621121     0.141495632091049    3.10230983601749    -19.0645870396278    -19.1347599489208    
#----------------------------------------------------------------------------------
# Restarting:              yes
#  - absolute improvement: 34.7849676673235      
#  - relative improvement: 0.0461061847775725    
#  - m2lnL_0  :            754.453395680746      
#  - m2lnL_1  :            719.668428013423      
#----------------------------------------------------------------------------------
# Model fitting. Interating using:
#  - solver:            NLOpt:ln-neldermead
#  - differentiation:   Numerical differentiantion (forward)
#......................................................................................................................................................................................................................................................................................................................................................................
#  Minimum found with precision: |df|/f =  1.00000e-08 and |dx| =  1.00000e-05
#  Elapsed time: 00 days, 00:08:18.1592910
#  iteration            [003491]
#  function evaluations [003493]
#  gradient evaluations [000000]
#  degrees of freedom   [000754]
#  m2lnL     =     701.414321222976 (     682.03743  0.0012720022   0.092908454    0.32579796     1.3443734     2.5069444     7.8686063     4.8445734     2.3924105 )
#  Fit parameters:
#    -0.00587151732439789 -1.19780259901019    -0.850661173561907   -0.999411793255286   -1.16072541884391    -0.775264006421388   -0.898079620955591   -0.0237097788143123  -0.0201005013617028  -0.0573524612188612  -0.000350237621036032  0.140628589881145    3.12343493079403    -19.044474541579     -19.1151055551325    
#----------------------------------------------------------------------------------
# Restarting:              yes
#  - absolute improvement: 18.2541067904464      
#  - relative improvement: 0.0253646069216002    
#  - m2lnL_1  :            719.668428013423      
#  - m2lnL_2  :            701.414321222976      
#----------------------------------------------------------------------------------
# Model fitting. Interating using:
#  - solver:            NLOpt:ln-neldermead
#  - differentiation:   Numerical differentiantion (forward)
#......................................................................................................................................................
#  Minimum found with precision: |df|/f =  1.00000e-08 and |dx| =  1.00000e-05
#  Elapsed time: 00 days, 00:04:30.4647620
#  iteration            [001412]
#  function evaluations [001414]
#  gradient evaluations [000000]
#  degrees of freedom   [000754]
#  m2lnL     =     701.214067705435 (     681.89438  0.00052078482   0.090911237     0.2999342     1.3123904     2.5069444     7.8645724     4.8828148     2.3615954 )
#  Fit parameters:
#    -0.00712311800079227 -1.17295576161691    -0.839563739763395   -0.960286607620077   -1.20921836066766    -0.836703179587711   -0.925035223843096   -0.00096201928122182 -3.74313806109667e-05 -0.058480535847173   -0.000873215668022467  0.141009023607782    3.09542126609025    -19.0422184703138    -19.1131411287669    
#----------------------------------------------------------------------------------
# Restarting:              yes
#  - absolute improvement: 0.200253517541341     
#  - relative improvement: 0.000285499613398515  
#  - m2lnL_2  :            701.414321222976      
#  - m2lnL_3  :            701.214067705435      
#----------------------------------------------------------------------------------
# Model fitting. Interating using:
#  - solver:            NLOpt:ln-neldermead
#  - differentiation:   Numerical differentiantion (forward)
#.............................................................................................................................................................................................................................................................................................................................................................................................................................................................................................................................................................................
#  Minimum found with precision: |df|/f =  1.00000e-08 and |dx| =  1.00000e-05
#  Elapsed time: 00 days, 00:13:02.6324770
#  iteration            [005488]
#  function evaluations [005490]
#  gradient evaluations [000000]
#  degrees of freedom   [000754]
#  m2lnL     =     700.592778979054 (     682.51799  0.0014881388   0.050769129    0.37068837     1.3775463     2.5069444     7.1655733     4.2396187     2.3621585 )
#  Fit parameters:
#    -0.0147314895125163  -1.07865838747348    -0.816259649322897   -0.91807546731985    -1.28360071843823    -0.295687092108218   -4.99995702885581    -0.178217293869851   -0.338758035862832   -0.251182614519232   -0.0813916638525423   0.14093934539234     3.09674561991487    -19.0399746846142    -19.1108825711759    
#----------------------------------------------------------------------------------
# Restarting:              yes
#  - absolute improvement: 0.621288726381181     
#  - relative improvement: 0.000886018628254576  
#  - m2lnL_3  :            701.214067705435      
#  - m2lnL_4  :            700.592778979054      
#----------------------------------------------------------------------------------
# Model fitting. Interating using:
#  - solver:            NLOpt:ln-neldermead
#  - differentiation:   Numerical differentiantion (forward)
#............................................................................................................................................................................
#  Minimum found with precision: |df|/f =  1.00000e-08 and |dx| =  1.00000e-05
#  Elapsed time: 00 days, 00:02:57.3609090
#  iteration            [001633]
#  function evaluations [001635]
#  gradient evaluations [000000]
#  degrees of freedom   [000754]
#  m2lnL     =     700.573398147042 (     682.47919   0.001492388   0.052071116    0.37201885     1.3798525     2.5069444     7.1790077     4.2465777     2.3562415 )
#  Fit parameters:
#    -0.0148149560013386  -1.09184679572758    -0.81698732727734    -0.9241956313522     -1.27438232137317    -0.309457001471645   -4.91677756446192    -0.151855132134977   -0.205233916383657   -0.278962919512159    0                    0.140992563496245    3.09656281974753    -19.0404174887337    -19.1112192752288    
#----------------------------------------------------------------------------------
# Restarting:              yes
#  - absolute improvement: 0.0193808320116204    
#  - relative improvement: 2.7663476691643e-05   
#  - m2lnL_4  :            700.592778979054      
#  - m2lnL_5  :            700.573398147042      
#----------------------------------------------------------------------------------
# Model fitting. Interating using:
#  - solver:            NLOpt:ln-neldermead
#  - differentiation:   Numerical differentiantion (forward)
#....................................................................................................
#  Minimum found with precision: |df|/f =  1.00000e-08 and |dx| =  1.00000e-05
#  Elapsed time: 00 days, 00:01:38.8052390
#  iteration            [000913]
#  function evaluations [000915]
#  gradient evaluations [000000]
#  degrees of freedom   [000754]
#  m2lnL     =     700.561498218306 (     682.49646  0.0018637993   0.046954486    0.36420633     1.3736207     2.5069444     7.1683932      4.249178      2.353874 )
#  Fit parameters:
#    -0.0149188019484444  -1.07707005143734    -0.816381732187774   -0.917566900915194   -1.28858502396639    -0.306646100556924   -4.99601464182231    -0.156454844823227   -0.208411212499614   -0.280775272525391   -0.000426409547631617  0.140942172825332    3.09648175972572    -19.0401096349164    -19.110798884546     
#----------------------------------------------------------------------------------
# Restarting:              yes
#  - absolute improvement: 0.011899928736284     
#  - relative improvement: 1.69859842919504e-05  
#  - m2lnL_5  :            700.573398147042      
#  - m2lnL_6  :            700.561498218306      
#----------------------------------------------------------------------------------
# Model fitting. Interating using:
#  - solver:            NLOpt:ln-neldermead
#  - differentiation:   Numerical differentiantion (forward)
#......................................................................................
#  Minimum found with precision: |df|/f =  1.00000e-08 and |dx| =  1.00000e-05
#  Elapsed time: 00 days, 00:01:23.4451480
#  iteration            [000773]
#  function evaluations [000775]
#  gradient evaluations [000000]
#  degrees of freedom   [000754]
#  m2lnL     =     700.559540482674 (     682.48962  0.0014678555   0.050586333    0.37464031     1.3802945     2.5069444     7.1660338     4.2330555     2.3568934 )
#  Fit parameters:
#    -0.0148208110237937  -1.09038035089792    -0.815697743821635   -0.922446874359788   -1.28035423619849    -0.297200562283667   -4.99997457487242    -0.157845631197682   -0.204346231988964   -0.281397690504286   -2.60826416126654e-05  0.140977767357714    3.09677805386835    -19.0404428066637    -19.1113297889505    
#----------------------------------------------------------------------------------
# Restarting:              yes
#  - absolute improvement: 0.0019577356318905    
#  - relative improvement: 2.79452358839229e-06  
#  - m2lnL_6  :            700.561498218306      
#  - m2lnL_7  :            700.559540482674      
#----------------------------------------------------------------------------------
# Model fitting. Interating using:
#  - solver:            NLOpt:ln-neldermead
#  - differentiation:   Numerical differentiantion (forward)
#..........................................
#  Minimum found with precision: |df|/f =  1.00000e-08 and |dx| =  1.00000e-05
#  Elapsed time: 00 days, 00:00:35.3890910
#  iteration            [000331]
#  function evaluations [000333]
#  gradient evaluations [000000]
#  degrees of freedom   [000754]
#  m2lnL     =     700.559526554152 (     682.49111  0.0015344656   0.049823902    0.37259618     1.3797296     2.5069444     7.1657505     4.2343736     2.3576646 )
#  Fit parameters:
#    -0.014815245496516   -1.08940543984478    -0.815817295884905   -0.922446696854622   -1.28050848122518    -0.297220975871941   -4.99997304764623    -0.157794383607292   -0.204135508094823   -0.281426611314212   -2.93019616817275e-05  0.140973508144698    3.09665213510794    -19.0403884965792    -19.1112424201472    
#----------------------------------------------------------------------------------
# Restarting:              no
#  - absolute improvement: 1.39285223212937e-05  
#  - relative improvement: 1.98819964848344e-08  
#  - m2lnL_7  :            700.559540482674      
#  - m2lnL_8  :            700.559526554152      
#----------------------------------------------------------------------------------
# Data used:
#   - JLA SNLS3+SDSS Betoule 2014 sys and stat (complete cov)
#   - 6dFGRS -- Beutler (2011), BAO Sample R-Dv
#   - SDSS-DR7-rec -- Padmanabhan (2012), BAO Sample R-Dv
#   - SDSS-DR9-rec -- Anderson (2012), BAO Sample R-Dv
#   - WiggleZ -- Blake (2012), BAO Sample R-Dv
#   - Riess 2008 HST Project sample
#   - Stern 2009 H(z) sample
#   - Moresco 2012 H(z) BC03 sample
#   - WMAP9 distance priors
#----------------------------------------------------------------------------------
# Model[03000]:
#   - NcHICosmo : XCDM - Constant EOS
#----------------------------------------------------------------------------------
# Model parameters
#   -            H0[00]:  70                  [FIXED]
#   -        Omegac[01]:  0.25                [FIXED]
#   -        Omegak[02]: -0.014815245496516   [FREE]
#   -       Tgamma0[03]:  2.7245              [FIXED]
#   -            Yp[04]:  0.24                [FIXED]
#   -          ENnu[05]:  3.046               [FIXED]
#   -        Omegab[06]:  0.05                [FIXED]
#   -           w_0[07]: -1.08940543984478    [FREE]
#   -           w_1[08]: -0.815817295884905   [FREE]
#   -           w_2[09]: -0.922446696854622   [FREE]
#   -           w_3[10]: -1.28050848122518    [FREE]
#   -           w_4[11]: -0.297220975871941   [FREE]
#   -           w_5[12]: -4.99997304764623    [FREE]
#   -           w_6[13]: -0.157794383607292   [FREE]
#   -           w_7[14]: -0.204135508094823   [FREE]
#   -           w_8[15]: -0.281426611314212   [FREE]
#   -           w_9[16]: -2.93019616817275e-05 [FREE]
#----------------------------------------------------------------------------------
# Model[14000]:
#   - NcSNIADistCov : Supernovae Ia Distance Covariance
#----------------------------------------------------------------------------------
# Model parameters
#   -         alpha[00]:  0.140973508144698   [FREE]
#   -          beta[01]:  3.09665213510794    [FREE]
#   -            M1[02]: -19.0403884965792    [FREE]
#   -            M2[03]: -19.1112424201472    [FREE]
#   -  lnsigma_pecz[04]: -7.60021041          [FIXED]
#   -  lnsigma_lens[05]: -2.90042209374967    [FIXED]
#   - lnsigma_int_0[06]: -2.52572864430826    [FIXED]
#   - lnsigma_int_1[07]: -2.22562405185792    [FIXED]
#   - lnsigma_int_2[08]: -2.00991547903123    [FIXED]
#   - lnsigma_int_3[09]: -2.30258509299405    [FIXED]
#----------------------------------------------------------------------------------
# NcmMSet parameters covariance matrix
#                                                  ----------------------------------------------------------------------------------------------------------------------------------------------------------------------------------------------------------------------------------
# Omegak[03000:02] = -0.01482     +/-  0.007894    |  1           |  0.07202     |  0.04216     | -0.01787     |  0.003235    |  0.4218      | -0.3044      |  0.1076      |  0.2917      |  0.04136     |  0.2905      | -0.0103      |  0.0003572   |  0.07107     |  0.06365     |
#    w_0[03000:07] = -1.089       +/-  1.014       |  0.07202     |  1           | -0.1402      |  0.6442      | -0.5951      |  0.5182      | -0.4985      |  0.4183      |  0.07468     | -0.2727      |  0.09314     | -0.01547     |  0.09578     |  0.6505      |  0.6092      |
#    w_1[03000:08] = -0.8158      +/-  0.25        |  0.04216     | -0.1402      |  1           |  0.4072      | -0.602       |  0.4871      | -0.4605      |  0.3928      |  0.06091     | -0.2605      |  0.07157     |  0.01639     |  0.03975     | -0.1337      | -0.131       |
#    w_2[03000:09] = -0.9224      +/-  0.4971      | -0.01787     |  0.6442      |  0.4072      |  1           | -0.6786      |  0.4098      | -0.3828      |  0.3223      |  0.05238     | -0.2153      |  0.0683      |  0.02704     |  0.1166      |  0.2443      |  0.238       |
#    w_3[03000:10] = -1.281       +/-  0.9576      |  0.003235    | -0.5951      | -0.602       | -0.6786      |  1           | -0.7251      |  0.6494      | -0.541       | -0.09779     |  0.3577      | -0.1146      | -0.01133     | -0.1169      | -0.285       | -0.2671      |
#    w_4[03000:11] = -0.2972      +/-  3.523       |  0.4218      |  0.5182      |  0.4871      |  0.4098      | -0.7251      |  1           | -0.9532      |  0.8043      |  0.1426      | -0.5234      |  0.1606      | -0.005154    |  0.08475     |  0.2849      |  0.2633      |
#    w_5[03000:12] = -5           +/-  28.54       | -0.3044      | -0.4985      | -0.4605      | -0.3828      |  0.6494      | -0.9532      |  1           | -0.8293      | -0.1908      |  0.5086      | -0.1207      |  0.007331    | -0.07634     | -0.2831      | -0.2612      |
#    w_6[03000:13] = -0.1578      +/-  5.717       |  0.1076      |  0.4183      |  0.3928      |  0.3223      | -0.541       |  0.8043      | -0.8293      |  1           | -0.3907      | -0.9025      |  3.472       | -0.006337    |  0.06374     |  0.2374      |  0.2189      |
#    w_7[03000:14] = -0.2041      +/-  34.48       |  0.2917      |  0.07468     |  0.06091     |  0.05238     | -0.09779     |  0.1426      | -0.1908      | -0.3907      |  1           |  0.748       |  0.6056      | -0.001343    |  0.01115     |  0.04456     |  0.04109     |
#    w_8[03000:15] = -0.2814      +/-  7.579       |  0.04136     | -0.2727      | -0.2605      | -0.2153      |  0.3577      | -0.5234      |  0.5086      | -0.9025      |  0.748       |  1           | -1.221       |  0.003601    | -0.0424      | -0.152       | -0.1403      |
#    w_9[03000:16] = -2.93e-05    +/-  0.001249    |  0.2905      |  0.09314     |  0.07157     |  0.0683      | -0.1146      |  0.1606      | -0.1207      |  3.472       |  0.6056      | -1.221       |  1           | -0.001459    |  0.01355     |  0.0546      |  0.05048     |
#  alpha[14000:00] =  0.141       +/-  0.009322    | -0.0103      | -0.01547     |  0.01639     |  0.02704     | -0.01133     | -0.005154    |  0.007331    | -0.006337    | -0.001343    |  0.003601    | -0.001459    |  1           | -0.05076     |  0.04609     | -0.1448      |
#   beta[14000:01] =  3.097       +/-  0.1145      |  0.0003572   |  0.09578     |  0.03975     |  0.1166      | -0.1169      |  0.08475     | -0.07634     |  0.06374     |  0.01115     | -0.0424      |  0.01355     | -0.05076     |  1           |  0.08047     |  0.05732     |
#     M1[14000:02] = -19.04       +/-  0.03998     |  0.07107     |  0.6505      | -0.1337      |  0.2443      | -0.285       |  0.2849      | -0.2831      |  0.2374      |  0.04456     | -0.152       |  0.0546      |  0.04609     |  0.08047     |  1           |  0.6935      |
#     M2[14000:03] = -19.11       +/-  0.04315     |  0.06365     |  0.6092      | -0.131       |  0.238       | -0.2671      |  0.2633      | -0.2612      |  0.2189      |  0.04109     | -0.1403      |  0.05048     | -0.1448      |  0.05732     |  0.6935      |  1           |
#                                                  ----------------------------------------------------------------------------------------------------------------------------------------------------------------------------------------------------------------------------------
