#----------------------------------------------------------------------------------
# Model fitting. Interating using:
#  - solver:            NLOpt:ln-neldermead
#  - differentiation:   Numerical differentiantion (forward)
#................................................................................................................................................................................................................................................
#  Minimum found with precision: |df|/f =  1.00000e-08 and |dx| =  1.00000e-05
#  Elapsed time: 00 days, 00:00:49.4740670
#  iteration            [002313]
#  function evaluations [002315]
#  gradient evaluations [000000]
#  degrees of freedom   [001688]
#  m2lnL     =     1493.98602475625 (     1467.3183   0.062130397      1.292921     1.8402965     2.9388609     0.7667585    0.89952921    0.99494362     2.1544214     15.717909 )
#  Fit parameters:
#    -1.45081609473549    -1.08709942945139    -1.08376601288281    -0.8806892991183     -1.09585068305835    -0.656447132420068   -1.05600850492362    -0.781395969720031   -0.79268143909685    -1.11284464355514    -0.9194709288372      0.0486486182733202  -19.3542394324099    
#----------------------------------------------------------------------------------
# Restarting:              yes
#  - absolute improvement: 887.440890573678      
#  - relative improvement: 0.372650903061928     
#  - m2lnL_0  :            2381.42691532993      
#  - m2lnL_1  :            1493.98602475625      
#----------------------------------------------------------------------------------
# Model fitting. Interating using:
#  - solver:            NLOpt:ln-neldermead
#  - differentiation:   Numerical differentiantion (forward)
#......................................................................................................................................................................................................................................................................................................
#  Minimum found with precision: |df|/f =  1.00000e-08 and |dx| =  1.00000e-05
#  Elapsed time: 00 days, 00:01:06.6087420
#  iteration            [002858]
#  function evaluations [002860]
#  gradient evaluations [000000]
#  degrees of freedom   [001688]
#  m2lnL     =     1483.45155729468 (      1455.036  0.0097006795     1.2721066     1.3376399     3.2408968    0.56471621    0.88607734     1.0233545     1.6360157     18.445056 )
#  Fit parameters:
#     0.0384511461078695  -1.12861599598349    -0.862316005725231   -0.553381572711427   -0.822840393463787   -0.434563488721096   -1.47484704236495    -0.658403076741854   -0.908338067949399   -1.04780864897142    -0.970639862609406    0.0689443294235453  -19.3156686159991    
#----------------------------------------------------------------------------------
# Restarting:              yes
#  - absolute improvement: 10.5344674615701      
#  - relative improvement: 0.00705124899899171   
#  - m2lnL_1  :            1493.98602475625      
#  - m2lnL_2  :            1483.45155729468      
#----------------------------------------------------------------------------------
# Model fitting. Interating using:
#  - solver:            NLOpt:ln-neldermead
#  - differentiation:   Numerical differentiantion (forward)
#...........................................................................................................................................................................................................................................................................
#  Minimum found with precision: |df|/f =  1.00000e-08 and |dx| =  1.00000e-05
#  Elapsed time: 00 days, 00:01:10.6884970
#  iteration            [002589]
#  function evaluations [002591]
#  gradient evaluations [000000]
#  degrees of freedom   [001688]
#  m2lnL     =     1482.32520632613 (      1454.807  0.0065810055     1.2886501      1.140742     3.3146886    0.78382451    0.72902162     1.2429021     1.7809333     17.230866 )
#  Fit parameters:
#     0.136783448413554   -1.08580321361117    -0.767305189801103   -0.535354393920594   -1.21296198886172     0.0896483387607404  -1.84890888030643    -1.17679707487606     0.774624038253733   -3.59474953574749     0.985277471060567   -0.0288786923632495  -19.3134037169327    
#----------------------------------------------------------------------------------
# Restarting:              yes
#  - absolute improvement: 1.12635096855115      
#  - relative improvement: 0.000759277216038817  
#  - m2lnL_2  :            1483.45155729468      
#  - m2lnL_3  :            1482.32520632613      
#----------------------------------------------------------------------------------
# Model fitting. Interating using:
#  - solver:            NLOpt:ln-neldermead
#  - differentiation:   Numerical differentiantion (forward)
#.................................................................................................................................................................................................................................................................................................................
#  Minimum found with precision: |df|/f =  1.00000e-08 and |dx| =  1.00000e-05
#  Elapsed time: 00 days, 00:01:22.7025770
#  iteration            [002968]
#  function evaluations [002970]
#  gradient evaluations [000000]
#  degrees of freedom   [001688]
#  m2lnL     =     1482.18820482821 (     1454.5685   0.007948596     1.2708017     1.0014033     3.1452947    0.78101617    0.76132862      1.252654     1.7897103       17.6095 )
#  Fit parameters:
#     0.302085523198036   -0.984899028261457   -0.800453833168893   -0.773399413858194   -0.912850242493837   -0.23858292271357    -1.54154060013076    -1.34044904632033     0.807761577631707   -3.57949217575091     0.999836154687254   -0.0304349174175303  -19.3109111859209    
#----------------------------------------------------------------------------------
# Restarting:              yes
#  - absolute improvement: 0.137001497916117     
#  - relative improvement: 9.24233746626145e-05  
#  - m2lnL_3  :            1482.32520632613      
#  - m2lnL_4  :            1482.18820482821      
#----------------------------------------------------------------------------------
# Model fitting. Interating using:
#  - solver:            NLOpt:ln-neldermead
#  - differentiation:   Numerical differentiantion (forward)
#...............................
#  Minimum found with precision: |df|/f =  1.00000e-08 and |dx| =  1.00000e-05
#  Elapsed time: 00 days, 00:00:06.1874730
#  iteration            [000223]
#  function evaluations [000225]
#  gradient evaluations [000000]
#  degrees of freedom   [001688]
#  m2lnL     =     1482.18813096753 (     1454.5716  0.0079082043     1.2714343     1.0010055     3.1438959    0.78061722     0.7615039     1.2552835      1.789208     17.605639 )
#  Fit parameters:
#     0.301648384844992   -0.985050160649317   -0.800538353750561   -0.773282990944125   -0.913126986278155   -0.238680080558649   -1.54079183048288    -1.34131368732571     0.808286666661265   -3.58352565481841     0.999961418849645   -0.0304002294435361  -19.3109243225564    
#----------------------------------------------------------------------------------
# Restarting:              no
#  - absolute improvement: 7.38606765935401e-05  
#  - relative improvement: 4.98321848419383e-08  
#  - m2lnL_4  :            1482.18820482821      
#  - m2lnL_5  :            1482.18813096753      
#----------------------------------------------------------------------------------
# Data used:
#   - Pantheon+SH0ES Sample STAT+SYS (2022)
#   - 6dFGRS -- Beutler (2011), BAO Sample R-Dv
#   - SDSS-DR7-lowz -- Ross (2015), Empirical m2lnp
#   - SDSS DR12 (final consensus) -- Ross et al. (2016), arXiv:1607.03145; Alam
#        et al. (2016), arXiv:1607.03155; BAO Sample(D_t / r_sd, DH / r_sd) --
#        DR16 Compatible
#   - SDSS DR16 -- Alam et al., PRD 103, 083533 (2021); BAO LRG Sample(D_t /
#        r_sd, DH / r_sd)
#   - SDSS DR16 -- Alam et al., PRD 103, 083533 (2021); BAO QSO Sample(D_t /
#        r_sd, DH / r_sd)
#   - SDSS DR16 -- Alam et al., PRD 103, 083533 (2021) -- BAO ELG Sample,
#        Empirical m2lnp
#   - SDSS DR16 -- Alam et al., PRD 103, 083533 (2021) -- BAO Lyman alpha
#        autocorrelation Sample, Empirical m2lnp
#   - SDSS DR16 -- Alam et al., PRD 103, 083533 (2021) -- BAO Lyman alpha QSO
#        cross-correlation Sample, Empirical m2lnp
#   - Gomez-Valent 2018 -- arXiv:1802.01505
#----------------------------------------------------------------------------------
# Model[03000]:
#   - NcHICosmo : XCDM - Constant EOS
#----------------------------------------------------------------------------------
# Model parameters
#   -           H0[00]:  70                  [FIXED]
#   -       Omegac[01]:  0.25                [FIXED]
#   -       Omegak[02]:  0                   [FIXED]
#   -      Tgamma0[03]:  2.7245              [FIXED]
#   -           Yp[04]:  0.24                [FIXED]
#   -         ENnu[05]:  3.046               [FIXED]
#   -       Omegab[06]:  0.05                [FIXED]
#   -          w_0[07]:  0.301648384844992   [FREE]
#   -          w_1[08]: -0.985050160649317   [FREE]
#   -          w_2[09]: -0.800538353750561   [FREE]
#   -          w_3[10]: -0.773282990944125   [FREE]
#   -          w_4[11]: -0.913126986278155   [FREE]
#   -          w_5[12]: -0.238680080558649   [FREE]
#   -          w_6[13]: -1.54079183048288    [FREE]
#   -          w_7[14]: -1.34131368732571    [FREE]
#   -          w_8[15]:  0.808286666661265   [FREE]
#   -          w_9[16]: -3.58352565481841    [FREE]
#   -         w_10[17]:  0.999961418849645   [FREE]
#   -         w_11[18]: -0.0304002294435361  [FREE]
#----------------------------------------------------------------------------------
# Model[14000]:
#   - NcSNIADistCov : Supernovae Ia Distance Covariance
#----------------------------------------------------------------------------------
# Model parameters
#   -        alpha[00]:  0                   [FIXED]
#   -         beta[01]:  0                   [FIXED]
#   -           M1[02]: -19.3109243225564    [FREE]
#   -           M2[03]: -19.25               [FIXED]
#   - lnsigma_pecz[04]: -34.5387763949107    [FIXED]
#   - lnsigma_lens[05]: -34.5387763949107    [FIXED]
#----------------------------------------------------------------------------------
# NcmMSet parameters covariance matrix
#                                                ----------------------------------------------------------------------------------------------------------------------------------------------------------------------------------------------------
#  w_0[03000:07] =  0.3016      +/-  0.8298      |  1           |  0.7489      |  0.2592      | -0.5017      |  0.2906      | -0.2673      |  0.2759      | -0.3192      |  0.323       | -0.3166      |  0.3507      | -0.3465      |  0.885       |
#  w_1[03000:08] = -0.9851      +/-  0.3772      |  0.7489      |  1           |  0.1246      | -0.7723      |  0.4108      | -0.3827      |  0.3932      | -0.4622      |  0.4758      | -0.4757      |  0.4954      | -0.494       |  0.5061      |
#  w_2[03000:09] = -0.8005      +/-  0.3633      |  0.2592      |  0.1246      |  1           |  0.5044      | -0.7588      |  0.6792      | -0.6382      |  0.4193      | -0.3389      |  0.3363      | -0.3211      |  0.3288      |  0.2982      |
#  w_3[03000:10] = -0.7733      +/-  0.7908      | -0.5017      | -0.7723      |  0.5044      |  1           | -0.754       |  0.6509      | -0.6472      |  0.5997      | -0.577       |  0.5788      | -0.5841      |  0.587       | -0.2732      |
#  w_4[03000:11] = -0.9131      +/-  1.575       |  0.2906      |  0.4108      | -0.7588      | -0.754       |  1           | -0.9526      |  0.888       | -0.6815      |  0.5891      | -0.5784      |  0.5859      | -0.5918      |  0.1235      |
#  w_5[03000:12] = -0.2387      +/-  2.133       | -0.2673      | -0.3827      |  0.6792      |  0.6509      | -0.9526      |  1           | -0.9513      |  0.6825      | -0.5794      |  0.5697      | -0.5756      |  0.5821      | -0.1056      |
#  w_6[03000:13] = -1.541       +/-  1.945       |  0.2759      |  0.3932      | -0.6382      | -0.6472      |  0.888       | -0.9513      |  1           | -0.7031      |  0.5632      | -0.5508      |  0.5597      | -0.5663      |  0.1199      |
#  w_7[03000:14] = -1.341       +/-  3.542       | -0.3192      | -0.4622      |  0.4193      |  0.5997      | -0.6815      |  0.6825      | -0.7031      |  1           | -0.9226      |  0.8643      | -0.8757      |  0.8855      | -0.1551      |
#  w_8[03000:15] =  0.8083      +/-  7.002       |  0.323       |  0.4758      | -0.3389      | -0.577       |  0.5891      | -0.5794      |  0.5632      | -0.9226      |  1           | -0.9835      |  0.9777      | -0.9836      |  0.1632      |
#  w_9[03000:16] = -3.584       +/-  12.55       | -0.3166      | -0.4757      |  0.3363      |  0.5788      | -0.5784      |  0.5697      | -0.5508      |  0.8643      | -0.9835      |  1           | -0.9927      |  0.9929      | -0.156       |
# w_10[03000:17] =  1           +/-  11.24       |  0.3507      |  0.4954      | -0.3211      | -0.5841      |  0.5859      | -0.5756      |  0.5597      | -0.8757      |  0.9777      | -0.9927      |  1           | -0.9993      |  0.1954      |
# w_11[03000:18] = -0.0304      +/-  0.5406      | -0.3465      | -0.494       |  0.3288      |  0.587       | -0.5918      |  0.5821      | -0.5663      |  0.8855      | -0.9836      |  0.9929      | -0.9993      |  1           | -0.1893      |
#   M1[14000:02] = -19.31       +/-  0.0196      |  0.885       |  0.5061      |  0.2982      | -0.2732      |  0.1235      | -0.1056      |  0.1199      | -0.1551      |  0.1632      | -0.156       |  0.1954      | -0.1893      |  1           |
#                                                ----------------------------------------------------------------------------------------------------------------------------------------------------------------------------------------------------
