#----------------------------------------------------------------------------------
# Model fitting. Interating using:
#  - solver:            NLOpt:ln-neldermead
#  - differentiation:   Numerical differentiantion (forward)
#.........................................................................................................................................................
#  Minimum found with precision: |df|/f =  1.00000e-08 and |dx| =  1.00000e-05
#  Elapsed time: 00 days, 00:00:28.1619590
#  iteration            [001443]
#  function evaluations [001445]
#  gradient evaluations [000000]
#  degrees of freedom   [001690]
#  m2lnL     =     1494.72138759289 (     1466.9771   0.033786347     1.4400701     3.1742842     2.6335988    0.62775378    0.97965037    0.91337931     1.8843358     16.057411 )
#  Fit parameters:
#    -1.29736904345376    -1.04633091433403    -1.03095643325639    -0.791957245198618   -1.33874271086629    -0.387169958465078   -1.13135139953023    -1.18478611292502    -1.06190538292918     0.0631913984742675  -19.3520288340439    
#----------------------------------------------------------------------------------
# Restarting:              yes
#  - absolute improvement: 886.705527737041      
#  - relative improvement: 0.372342112213927     
#  - m2lnL_0  :            2381.42691532993      
#  - m2lnL_1  :            1494.72138759289      
#----------------------------------------------------------------------------------
# Model fitting. Interating using:
#  - solver:            NLOpt:ln-neldermead
#  - differentiation:   Numerical differentiantion (forward)
#.........................................................................................................................................................................................................................................
#  Minimum found with precision: |df|/f =  1.00000e-08 and |dx| =  1.00000e-05
#  Elapsed time: 00 days, 00:00:51.7005100
#  iteration            [002241]
#  function evaluations [002243]
#  gradient evaluations [000000]
#  degrees of freedom   [001690]
#  m2lnL     =     1483.05684516462 (      1454.959   0.011489512     1.2096075        1.0095     3.2605971    0.65028441    0.88753268     1.0066685     1.6909213     18.371247 )
#  Fit parameters:
#     0.418709056294928   -0.933561215723422   -0.786279208388503   -0.901620980614001   -0.416103540969245   -1.37251372260336    -0.435221379765452   -1.30552587984234    -0.822874524457817    0.0478890325941605  -19.3084089145447    
#----------------------------------------------------------------------------------
# Restarting:              yes
#  - absolute improvement: 11.6645424282674      
#  - relative improvement: 0.00780382385981115   
#  - m2lnL_1  :            1494.72138759289      
#  - m2lnL_2  :            1483.05684516462      
#----------------------------------------------------------------------------------
# Model fitting. Interating using:
#  - solver:            NLOpt:ln-neldermead
#  - differentiation:   Numerical differentiantion (forward)
#...........................................................................................................
#  Minimum found with precision: |df|/f =  1.00000e-08 and |dx| =  1.00000e-05
#  Elapsed time: 00 days, 00:00:23.2560430
#  iteration            [000982]
#  function evaluations [000984]
#  gradient evaluations [000000]
#  degrees of freedom   [001690]
#  m2lnL     =     1483.03915066696 (     1455.1296  0.0099535137     1.2355858    0.95108287     3.3018924    0.71196593     0.8884529     0.9895595     1.6143174     18.206721 )
#  Fit parameters:
#     0.414872228944416   -0.926524613348583   -0.796756749154775   -0.936697495298892   -0.375373297136178   -1.40734750137553    -0.367233272698323   -1.31786210124933    -0.909349608352297    0.0508055317337845  -19.3086700326627    
#----------------------------------------------------------------------------------
# Restarting:              yes
#  - absolute improvement: 0.0176944976572031    
#  - relative improvement: 1.19310987403447e-05  
#  - m2lnL_2  :            1483.05684516462      
#  - m2lnL_3  :            1483.03915066696      
#----------------------------------------------------------------------------------
# Model fitting. Interating using:
#  - solver:            NLOpt:ln-neldermead
#  - differentiation:   Numerical differentiantion (forward)
#..........................................
#  Minimum found with precision: |df|/f =  1.00000e-08 and |dx| =  1.00000e-05
#  Elapsed time: 00 days, 00:00:07.9554670
#  iteration            [000333]
#  function evaluations [000335]
#  gradient evaluations [000000]
#  degrees of freedom   [001690]
#  m2lnL     =     1483.03849589009 (     1455.0922   0.010067431     1.2337794    0.95497224     3.2776788    0.69087128    0.88727952    0.99668423     1.6233818     18.271614 )
#  Fit parameters:
#     0.413880927336094   -0.92743372317118    -0.796417076397095   -0.93428659197187    -0.378850526675704   -1.39941094347424    -0.400984626418104   -1.28517962954956    -0.913792911431321    0.0517398752837106  -19.3086743217758    
#----------------------------------------------------------------------------------
# Restarting:              no
#  - absolute improvement: 0.000654776873716401  
#  - relative improvement: 4.41510174173036e-07  
#  - m2lnL_3  :            1483.03915066696      
#  - m2lnL_4  :            1483.03849589009      
#----------------------------------------------------------------------------------
# Data used:
#   - Pantheon+SH0ES Sample STAT+SYS (2022)
#   - 6dFGRS -- Beutler (2011), BAO Sample R-Dv
#   - SDSS-DR7-lowz -- Ross (2015), Empirical m2lnp
#   - SDSS DR12 (final consensus) -- Ross et al. (2016), arXiv:1607.03145; Alam
#        et al. (2016), arXiv:1607.03155; BAO Sample(D_t / r_sd, DH / r_sd) --
#        DR16 Compatible
#   - SDSS DR16 -- Alam et al., PRD 103, 083533 (2021); BAO LRG Sample(D_t /
#        r_sd, DH / r_sd)
#   - SDSS DR16 -- Alam et al., PRD 103, 083533 (2021); BAO QSO Sample(D_t /
#        r_sd, DH / r_sd)
#   - SDSS DR16 -- Alam et al., PRD 103, 083533 (2021) -- BAO ELG Sample,
#        Empirical m2lnp
#   - SDSS DR16 -- Alam et al., PRD 103, 083533 (2021) -- BAO Lyman alpha
#        autocorrelation Sample, Empirical m2lnp
#   - SDSS DR16 -- Alam et al., PRD 103, 083533 (2021) -- BAO Lyman alpha QSO
#        cross-correlation Sample, Empirical m2lnp
#   - Gomez-Valent 2018 -- arXiv:1802.01505
#----------------------------------------------------------------------------------
# Model[03000]:
#   - NcHICosmo : XCDM - Constant EOS
#----------------------------------------------------------------------------------
# Model parameters
#   -           H0[00]:  70                  [FIXED]
#   -       Omegac[01]:  0.25                [FIXED]
#   -       Omegak[02]:  0                   [FIXED]
#   -      Tgamma0[03]:  2.7245              [FIXED]
#   -           Yp[04]:  0.24                [FIXED]
#   -         ENnu[05]:  3.046               [FIXED]
#   -       Omegab[06]:  0.05                [FIXED]
#   -          w_0[07]:  0.413880927336094   [FREE]
#   -          w_1[08]: -0.92743372317118    [FREE]
#   -          w_2[09]: -0.796417076397095   [FREE]
#   -          w_3[10]: -0.93428659197187    [FREE]
#   -          w_4[11]: -0.378850526675704   [FREE]
#   -          w_5[12]: -1.39941094347424    [FREE]
#   -          w_6[13]: -0.400984626418104   [FREE]
#   -          w_7[14]: -1.28517962954956    [FREE]
#   -          w_8[15]: -0.913792911431321   [FREE]
#   -          w_9[16]:  0.0517398752837106  [FREE]
#----------------------------------------------------------------------------------
# Model[14000]:
#   - NcSNIADistCov : Supernovae Ia Distance Covariance
#----------------------------------------------------------------------------------
# Model parameters
#   -        alpha[00]:  0                   [FIXED]
#   -         beta[01]:  0                   [FIXED]
#   -           M1[02]: -19.3086743217758    [FREE]
#   -           M2[03]: -19.25               [FIXED]
#   - lnsigma_pecz[04]: -34.5387763949107    [FIXED]
#   - lnsigma_lens[05]: -34.5387763949107    [FIXED]
#----------------------------------------------------------------------------------
# NcmMSet parameters covariance matrix
#                                               ----------------------------------------------------------------------------------------------------------------------------------------------------------------------
# w_0[03000:07] =  0.4139      +/-  0.745       |  1           |  0.68        |  0.7434      | -0.5334      |  0.358       | -0.2288      |  0.08286     | -0.007043    |  0.1892      | -0.155       |  0.8956      |
# w_1[03000:08] = -0.9274      +/-  0.3079      |  0.68        |  1           |  0.687       | -0.8587      |  0.5463      | -0.3475      |  0.1481      | -0.06267     |  0.112       | -0.1495      |  0.4764      |
# w_2[03000:09] = -0.7964      +/-  0.2486      |  0.7434      |  0.687       |  1           | -0.2597      | -0.05588     |  0.01816     | -0.05384     |  0.07914     |  0.1379      | -0.04788     |  0.5818      |
# w_3[03000:10] = -0.9343      +/-  0.5829      | -0.5334      | -0.8587      | -0.2597      |  1           | -0.7654      |  0.4283      | -0.2155      |  0.1272      | -0.05953     |  0.1598      | -0.358       |
# w_4[03000:11] = -0.3789      +/-  0.6304      |  0.358       |  0.5463      | -0.05588     | -0.7654      |  1           | -0.7264      |  0.2843      | -0.1509      |  0.09252     | -0.2188      |  0.2515      |
# w_5[03000:12] = -1.399       +/-  0.7315      | -0.2288      | -0.3475      |  0.01816     |  0.4283      | -0.7264      |  1           | -0.4785      |  0.2283      | -0.08863     |  0.2946      | -0.1515      |
# w_6[03000:13] = -0.401       +/-  1.372       |  0.08286     |  0.1481      | -0.05384     | -0.2155      |  0.2843      | -0.4785      |  1           | -0.8484      |  0.1493      | -0.601       |  0.05649     |
# w_7[03000:14] = -1.285       +/-  1.49        | -0.007043    | -0.06267     |  0.07914     |  0.1272      | -0.1509      |  0.2283      | -0.8484      |  1           | -0.4428      |  0.7427      |  0.01018     |
# w_8[03000:15] = -0.9138      +/-  0.9247      |  0.1892      |  0.112       |  0.1379      | -0.05953     |  0.09252     | -0.08863     |  0.1493      | -0.4428      |  1           | -0.8685      |  0.2148      |
# w_9[03000:16] =  0.05174     +/-  0.05953     | -0.155       | -0.1495      | -0.04788     |  0.1598      | -0.2188      |  0.2946      | -0.601       |  0.7427      | -0.8685      |  1           | -0.1534      |
#  M1[14000:02] = -19.31       +/-  0.01895     |  0.8956      |  0.4764      |  0.5818      | -0.358       |  0.2515      | -0.1515      |  0.05649     |  0.01018     |  0.2148      | -0.1534      |  1           |
#                                               ----------------------------------------------------------------------------------------------------------------------------------------------------------------------
