#----------------------------------------------------------------------------------
# Model[03000]:
#   - NcHICosmo : XCDM - Constant EOS
#----------------------------------------------------------------------------------
# Model parameters
#   -            H0[00]:  70                  [FIXED]
#   -        Omegac[01]:  0.25                [FIXED]
#   -        Omegak[02]:  0                   [FIXED]
#   -       Tgamma0[03]:  2.7245              [FIXED]
#   -            Yp[04]:  0.24                [FIXED]
#   -          ENnu[05]:  3.046               [FIXED]
#   -        Omegab[06]:  0.05                [FIXED]
#   -           w_0[07]: -1                   [FIXED]
#   -           w_1[08]: -1                   [FIXED]
#   -           w_2[09]: -1                   [FIXED]
#   -           w_3[10]: -1                   [FIXED]
#   -           w_4[11]: -1                   [FIXED]
#   -           w_5[12]: -1                   [FIXED]
#   -           w_6[13]: -1                   [FIXED]
#----------------------------------------------------------------------------------
# Model[14000]:
#   - NcSNIADistCov : Supernovae Ia Distance Covariance
#----------------------------------------------------------------------------------
# Model parameters
#   -         alpha[00]:  0.145               [FIXED]
#   -          beta[01]:  3.16                [FIXED]
#   -            M1[02]: -19                  [FIXED]
#   -            M2[03]: -19.2                [FIXED]
#   -  lnsigma_pecz[04]: -7.60021041          [FIXED]
#   -  lnsigma_lens[05]: -2.90042209374967    [FIXED]
#   - lnsigma_int_0[06]: -2.52572864430826    [FIXED]
#   - lnsigma_int_1[07]: -2.22562405185792    [FIXED]
#   - lnsigma_int_2[08]: -2.00991547903123    [FIXED]
#   - lnsigma_int_3[09]: -2.30258509299405    [FIXED]
#----------------------------------------------------------------------------------
# Model fitting. Interating using:
#  - solver:            NLOpt:ln-neldermead
#  - differentiation:   Numerical differentiantion (forward)
#..................................................................................................................................................................................................................................................................................
#  Minimum found with precision: |df|/f =  1.00000e-08 and |dx| =  1.00000e-05
#  Elapsed time: 00 days, 00:21:42.3411640
#  iteration            [002655]
#  function evaluations [002657]
#  gradient evaluations [000000]
#  degrees of freedom   [000756]
#  m2lnL     =      703.87922832854 (     681.80038    0.23724014    0.11367524  0.0080055422       1.28782     6.5440953     8.8534242     4.4186064    0.61597874 )
#  Fit parameters:
#     67.6604569443048     0.0116328994450004  -1.09533688440019    -0.965268045296873   -1.18414394125628    -0.328896025548922   -0.413635273945439   -0.974227431081543   -0.794953146313957    0.141053045607556    3.09800497581767    -19.1175574996023    -19.1879973554763    
#----------------------------------------------------------------------------------
# Restarting:              yes
#  - absolute improvement: 50.5741673522065      
#  - relative improvement: 0.06703418347872      
#  - m2lnL_0  :            754.453395680746      
#  - m2lnL_1  :            703.87922832854       
#----------------------------------------------------------------------------------
# Model fitting. Interating using:
#  - solver:            NLOpt:ln-neldermead
#  - differentiation:   Numerical differentiantion (forward)
#.............................................................................................................................................................................................................................................................................................
#  Minimum found with precision: |df|/f =  1.00000e-08 and |dx| =  1.00000e-05
#  Elapsed time: 00 days, 00:23:21.0763410
#  iteration            [002763]
#  function evaluations [002765]
#  gradient evaluations [000000]
#  degrees of freedom   [000756]
#  m2lnL     =     701.089045774494 (     681.60349   0.009184109   0.023192014    0.27425192     1.3510726      4.025151      8.537978     4.2997589    0.96497021 )
#  Fit parameters:
#     68.9849330524968     0.00842216146169343 -1.29605072831818    -0.855120586338248   -1.22288550270966    -0.328811239488892   -0.349746592929458   -0.480240381016869   -0.481910118977333    0.141187484673625    3.09738831698775    -19.0774430458995    -19.1483603610043    
#----------------------------------------------------------------------------------
# Restarting:              yes
#  - absolute improvement: 2.7901825540456       
#  - relative improvement: 0.0039640075196867    
#  - m2lnL_1  :            703.87922832854       
#  - m2lnL_2  :            701.089045774494      
#----------------------------------------------------------------------------------
# Model fitting. Interating using:
#  - solver:            NLOpt:ln-neldermead
#  - differentiation:   Numerical differentiantion (forward)
#..............................................................................................................................................................................................................................................................................................................................................................................................................................................
#  Minimum found with precision: |df|/f =  1.00000e-08 and |dx| =  1.00000e-05
#  Elapsed time: 00 days, 00:32:54.9376880
#  iteration            [004218]
#  function evaluations [004220]
#  gradient evaluations [000000]
#  degrees of freedom   [000756]
#  m2lnL     =     700.797154891954 (     681.66112  0.0099884951   0.019832431    0.19788883      1.316815      3.798199     8.2514942     4.4430692     1.0987483 )
#  Fit parameters:
#     69.1226475378158    -0.00226449410252003 -1.26435945817673    -0.845648033615432   -1.17263330748521    -0.538153107835087   -0.539039708325598   -0.50890687641855    -0.000469578991294739  0.141052265344266    3.09567716793013    -19.072885624438     -19.1435744407481    
#----------------------------------------------------------------------------------
# Restarting:              yes
#  - absolute improvement: 0.29189088253986      
#  - relative improvement: 0.000416339242923712  
#  - m2lnL_2  :            701.089045774494      
#  - m2lnL_3  :            700.797154891954      
#----------------------------------------------------------------------------------
# Model fitting. Interating using:
#  - solver:            NLOpt:ln-neldermead
#  - differentiation:   Numerical differentiantion (forward)
#...................................................................................................................................................................................................................................
#  Minimum found with precision: |df|/f =  1.00000e-08 and |dx| =  1.00000e-05
#  Elapsed time: 00 days, 00:16:15.4693220
#  iteration            [002189]
#  function evaluations [002191]
#  gradient evaluations [000000]
#  degrees of freedom   [000756]
#  m2lnL     =     700.767337685429 (     681.73767   0.010282841   0.026608087    0.16388432     1.3039297     3.7054121     8.1584549     4.5027258     1.1583733 )
#  Fit parameters:
#     69.1801327122134    -0.00560323462479429 -1.22760305526894    -0.850633977135356   -1.13572756481301    -0.66071970460163    -0.641713853061028   -0.420634680698539   -0.0223379850762883   0.141029886015863    3.09539662854934    -19.0701217086836    -19.1409497372102    
#----------------------------------------------------------------------------------
# Restarting:              yes
#  - absolute improvement: 0.0298172065255358    
#  - relative improvement: 4.25475564753582e-05  
#  - m2lnL_3  :            700.797154891954      
#  - m2lnL_4  :            700.767337685429      
#----------------------------------------------------------------------------------
# Model fitting. Interating using:
#  - solver:            NLOpt:ln-neldermead
#  - differentiation:   Numerical differentiantion (forward)
#.........................................................................................................................................................
#  Minimum found with precision: |df|/f =  1.00000e-08 and |dx| =  1.00000e-05
#  Elapsed time: 00 days, 00:07:44.7333640
#  iteration            [001444]
#  function evaluations [001446]
#  gradient evaluations [000000]
#  degrees of freedom   [000756]
#  m2lnL     =     700.762919112344 (     681.74574   0.010251297   0.028257159     0.1593298     1.3033397     3.7018275      8.155246     4.4995616     1.1593619 )
#  Fit parameters:
#     69.1823678889459    -0.00577265172124071 -1.22557416850169    -0.851670031970657   -1.13066760805481    -0.669122429074758   -0.644584798322649   -0.417721539678824   -4.14322686279281e-05  0.141013249902972    3.09570305962589    -19.070166278524     -19.1411048742596    
#----------------------------------------------------------------------------------
# Restarting:              yes
#  - absolute improvement: 0.00441857308499038   
#  - relative improvement: 6.30533537648106e-06  
#  - m2lnL_4  :            700.767337685429      
#  - m2lnL_5  :            700.762919112344      
#----------------------------------------------------------------------------------
# Model fitting. Interating using:
#  - solver:            NLOpt:ln-neldermead
#  - differentiation:   Numerical differentiantion (forward)
#...........................................
#  Minimum found with precision: |df|/f =  1.00000e-08 and |dx| =  1.00000e-05
#  Elapsed time: 00 days, 00:01:35.3322810
#  iteration            [000347]
#  function evaluations [000349]
#  gradient evaluations [000000]
#  degrees of freedom   [000756]
#  m2lnL     =     700.762816862063 (     681.74877   0.010304324   0.027762129    0.15806181     1.3029256     3.6993757      8.154052      4.500784     1.1607817 )
#  Fit parameters:
#     69.1838973174622    -0.00576617301001277 -1.22509620415596    -0.851525301288321   -1.13068211600936    -0.668974826089603   -0.644451609643474   -0.417729193298828   -0.000132834553569218  0.141030145499096    3.09559018856655    -19.0700361119171    -19.1408604279031    
#----------------------------------------------------------------------------------
# Restarting:              no
#  - absolute improvement: 0.000102250280292537  
#  - relative improvement: 1.45912800897139e-07  
#  - m2lnL_5  :            700.762919112344      
#  - m2lnL_6  :            700.762816862063      
#----------------------------------------------------------------------------------
# Data used:
#   - JLA SNLS3+SDSS Betoule 2014 sys and stat (complete cov)
#   - 6dFGRS -- Beutler (2011), BAO Sample R-Dv
#   - SDSS-DR7-rec -- Padmanabhan (2012), BAO Sample R-Dv
#   - SDSS-DR9-rec -- Anderson (2012), BAO Sample R-Dv
#   - WiggleZ -- Blake (2012), BAO Sample R-Dv
#   - Riess 2008 HST Project sample
#   - Stern 2009 H(z) sample
#   - Moresco 2012 H(z) BC03 sample
#   - WMAP9 distance priors
#----------------------------------------------------------------------------------
# Model[03000]:
#   - NcHICosmo : XCDM - Constant EOS
#----------------------------------------------------------------------------------
# Model parameters
#   -            H0[00]:  69.1838973174622    [FREE]
#   -        Omegac[01]:  0.25                [FIXED]
#   -        Omegak[02]: -0.00576617301001277 [FREE]
#   -       Tgamma0[03]:  2.7245              [FIXED]
#   -            Yp[04]:  0.24                [FIXED]
#   -          ENnu[05]:  3.046               [FIXED]
#   -        Omegab[06]:  0.05                [FIXED]
#   -           w_0[07]: -1.22509620415596    [FREE]
#   -           w_1[08]: -0.851525301288321   [FREE]
#   -           w_2[09]: -1.13068211600936    [FREE]
#   -           w_3[10]: -0.668974826089603   [FREE]
#   -           w_4[11]: -0.644451609643474   [FREE]
#   -           w_5[12]: -0.417729193298828   [FREE]
#   -           w_6[13]: -0.000132834553569218 [FREE]
#----------------------------------------------------------------------------------
# Model[14000]:
#   - NcSNIADistCov : Supernovae Ia Distance Covariance
#----------------------------------------------------------------------------------
# Model parameters
#   -         alpha[00]:  0.141030145499096   [FREE]
#   -          beta[01]:  3.09559018856655    [FREE]
#   -            M1[02]: -19.0700361119171    [FREE]
#   -            M2[03]: -19.1408604279031    [FREE]
#   -  lnsigma_pecz[04]: -7.60021041          [FIXED]
#   -  lnsigma_lens[05]: -2.90042209374967    [FIXED]
#   - lnsigma_int_0[06]: -2.52572864430826    [FIXED]
#   - lnsigma_int_1[07]: -2.22562405185792    [FIXED]
#   - lnsigma_int_2[08]: -2.00991547903123    [FIXED]
#   - lnsigma_int_3[09]: -2.30258509299405    [FIXED]
#----------------------------------------------------------------------------------
# NcmMSet parameters covariance matrix
#                                                  ----------------------------------------------------------------------------------------------------------------------------------------------------------------------------------------------------
#     H0[03000:00] =  69.18       +/-  1.517       |  1           | -0.4331      |  0.1265      |  0.07985     |  0.1743      | -0.3313      | -0.3449      | -0.0491      | -0.1104      | -0.00979     | -0.0106      |  0.8142      |  0.7893      |
# Omegak[03000:02] = -0.005766    +/-  0.0342      | -0.4331      |  1           | -0.3509      |  0.02791     | -0.5342      |  0.9801      |  0.9588      | -0.09318     |  1.436       |  0.003751    | -0.001096    | -0.4117      | -0.4014      |
#    w_0[03000:07] = -1.225       +/-  0.6511      |  0.1265      | -0.3509      |  1           | -0.8382      |  0.47        | -0.3679      | -0.4466      |  0.8471      | -0.2467      | -0.04494     | -0.01384     |  0.4633      |  0.4499      |
#    w_1[03000:08] = -0.8515      +/-  0.2234      |  0.07985     |  0.02791     | -0.8382      |  1           | -0.3378      |  0.04496     |  0.1384      | -0.9862      | -0.06113     |  0.01811     | -0.01647     | -0.1542      | -0.1563      |
#    w_2[03000:09] = -1.131       +/-  0.3993      |  0.1743      | -0.5342      |  0.47        | -0.3378      |  1           | -0.6108      | -0.7292      |  0.3747      | -0.3953      |  0.00109     |  0.001083    |  0.2194      |  0.2188      |
#    w_3[03000:10] = -0.669       +/-  1.102       | -0.3313      |  0.9801      | -0.3679      |  0.04496     | -0.6108      |  1           |  0.9854      | -0.1132      |  0.2742      |  0.003434    | -0.000343    | -0.339       | -0.3311      |
#    w_4[03000:11] = -0.6445      +/-  1.834       | -0.3449      |  0.9588      | -0.4466      |  0.1384      | -0.7292      |  0.9854      |  1           | -0.1899      |  3.27        |  0.004636    | -1.231e-05   | -0.3683      | -0.3604      |
#    w_5[03000:12] = -0.4177      +/-  0.0334      | -0.0491      | -0.09318     |  0.8471      | -0.9862      |  0.3747      | -0.1132      | -0.1899      |  1           |  120.2       | -0.01769     |  0.01655     |  0.1779      |  0.1794      |
#    w_6[03000:13] = -0.0001328   +/-  0.0004657   | -0.1104      |  1.436       | -0.2467      | -0.06113     | -0.3953      |  0.2742      |  3.27        |  120.2       |  1           |  0.00854     |  0.009929    | -0.1473      | -0.1428      |
#  alpha[14000:00] =  0.141       +/-  0.009318    | -0.00979     |  0.003751    | -0.04494     |  0.01811     |  0.00109     |  0.003434    |  0.004636    | -0.01769     |  0.00854     |  1           | -0.05325     |  0.01785     | -0.1058      |
#   beta[14000:01] =  3.096       +/-  0.1135      | -0.0106      | -0.001096    | -0.01384     | -0.01647     |  0.001083    | -0.000343    | -1.231e-05   |  0.01655     |  0.009929    | -0.05325     |  1           |  0.0116      | -0.0009055   |
#     M1[14000:02] = -19.07       +/-  0.064       |  0.8142      | -0.4117      |  0.4633      | -0.1542      |  0.2194      | -0.339       | -0.3683      |  0.1779      | -0.1473      |  0.01785     |  0.0116      |  1           |  0.8738      |
#     M2[14000:03] = -19.14       +/-  0.06583     |  0.7893      | -0.4014      |  0.4499      | -0.1563      |  0.2188      | -0.3311      | -0.3604      |  0.1794      | -0.1428      | -0.1058      | -0.0009055   |  0.8738      |  1           |
#                                                  ----------------------------------------------------------------------------------------------------------------------------------------------------------------------------------------------------
