#----------------------------------------------------------------------------------
# Model fitting. Interating using:
#  - solver:            NLOpt:ln-neldermead
#  - differentiation:   Numerical differentiantion (forward)
#......................................................................................................................................................................................................................................................
#  Minimum found with precision: |df|/f =  1.00000e-08 and |dx| =  1.00000e-05
#  Elapsed time: 00 days, 00:00:48.5377660
#  iteration            [002376]
#  function evaluations [002378]
#  gradient evaluations [000000]
#  degrees of freedom   [001691]
#  m2lnL     =     1488.19876995869 (     1458.2524   0.053420728     1.3650324     1.0954721     2.7879913     1.1235425    0.94280172    0.71182756      1.476896     20.389356 )
#  Fit parameters:
#     72.6245063411095    -1.74541675161788    -1.00413459212395    -1.19612304871927    -0.78683154230545    -0.977771493512001   -0.662143539277442   -1.88611912008164     0.117321857352815   -19.2924488629676    
#----------------------------------------------------------------------------------
# Restarting:              yes
#  - absolute improvement: 893.228145371239      
#  - relative improvement: 0.375081065734696     
#  - m2lnL_0  :            2381.42691532993      
#  - m2lnL_1  :            1488.19876995869      
#----------------------------------------------------------------------------------
# Model fitting. Interating using:
#  - solver:            NLOpt:ln-neldermead
#  - differentiation:   Numerical differentiantion (forward)
#............................................................................................................................................................................
#  Minimum found with precision: |df|/f =  1.00000e-08 and |dx| =  1.00000e-05
#  Elapsed time: 00 days, 00:00:36.0121020
#  iteration            [001630]
#  function evaluations [001632]
#  gradient evaluations [000000]
#  degrees of freedom   [001691]
#  m2lnL     =       1481.670960323 (     1450.8065   0.010220563     1.3759119     1.0796628     3.0225467    0.42512889    0.88466752     1.1056293     1.7426154     21.218121 )
#  Fit parameters:
#     71.4126453316067    -0.385575113521067   -1.10053213662708    -0.882516466891128   -0.563437643153719   -1.20083030527778    -0.898659608396677   -1.10678444570883     0.0807230021298664  -19.2885000442577    
#----------------------------------------------------------------------------------
# Restarting:              yes
#  - absolute improvement: 6.52780963568375      
#  - relative improvement: 0.00438638289955378   
#  - m2lnL_1  :            1488.19876995869      
#  - m2lnL_2  :            1481.670960323        
#----------------------------------------------------------------------------------
# Model fitting. Interating using:
#  - solver:            NLOpt:ln-neldermead
#  - differentiation:   Numerical differentiantion (forward)
#...........................
#  Minimum found with precision: |df|/f =  1.00000e-08 and |dx| =  1.00000e-05
#  Elapsed time: 00 days, 00:00:03.9800390
#  iteration            [000180]
#  function evaluations [000182]
#  gradient evaluations [000000]
#  degrees of freedom   [001691]
#  m2lnL     =       1481.670960323 (     1450.8065   0.010220563     1.3759119     1.0796628     3.0225467    0.42512889    0.88466752     1.1056293     1.7426154     21.218121 )
#  Fit parameters:
#     71.4126453316067    -0.385575113521067   -1.10053213662708    -0.882516466891128   -0.563437643153719   -1.20083030527778    -0.898659608396677   -1.10678444570883     0.0807230021298664  -19.2885000442577    
#----------------------------------------------------------------------------------
# Restarting:              no
#  - absolute improvement: 0                     
#  - relative improvement: 0                     
#  - m2lnL_2  :            1481.670960323        
#  - m2lnL_3  :            1481.670960323        
#----------------------------------------------------------------------------------
# Data used:
#   - Pantheon+SH0ES Sample STAT+SYS (2022)
#   - 6dFGRS -- Beutler (2011), BAO Sample R-Dv
#   - SDSS-DR7-lowz -- Ross (2015), Empirical m2lnp
#   - SDSS DR12 (final consensus) -- Ross et al. (2016), arXiv:1607.03145; Alam
#        et al. (2016), arXiv:1607.03155; BAO Sample(D_t / r_sd, DH / r_sd) --
#        DR16 Compatible
#   - SDSS DR16 -- Alam et al., PRD 103, 083533 (2021); BAO LRG Sample(D_t /
#        r_sd, DH / r_sd)
#   - SDSS DR16 -- Alam et al., PRD 103, 083533 (2021); BAO QSO Sample(D_t /
#        r_sd, DH / r_sd)
#   - SDSS DR16 -- Alam et al., PRD 103, 083533 (2021) -- BAO ELG Sample,
#        Empirical m2lnp
#   - SDSS DR16 -- Alam et al., PRD 103, 083533 (2021) -- BAO Lyman alpha
#        autocorrelation Sample, Empirical m2lnp
#   - SDSS DR16 -- Alam et al., PRD 103, 083533 (2021) -- BAO Lyman alpha QSO
#        cross-correlation Sample, Empirical m2lnp
#   - Gomez-Valent 2018 -- arXiv:1802.01505
#----------------------------------------------------------------------------------
# Model[03000]:
#   - NcHICosmo : XCDM - Constant EOS
#----------------------------------------------------------------------------------
# Model parameters
#   -           H0[00]:  71.4126453316067    [FREE]
#   -       Omegac[01]:  0.25                [FIXED]
#   -       Omegak[02]:  0                   [FIXED]
#   -      Tgamma0[03]:  2.7245              [FIXED]
#   -           Yp[04]:  0.24                [FIXED]
#   -         ENnu[05]:  3.046               [FIXED]
#   -       Omegab[06]:  0.05                [FIXED]
#   -          w_0[07]: -0.385575113521067   [FREE]
#   -          w_1[08]: -1.10053213662708    [FREE]
#   -          w_2[09]: -0.882516466891128   [FREE]
#   -          w_3[10]: -0.563437643153719   [FREE]
#   -          w_4[11]: -1.20083030527778    [FREE]
#   -          w_5[12]: -0.898659608396677   [FREE]
#   -          w_6[13]: -1.10678444570883    [FREE]
#   -          w_7[14]:  0.0807230021298664  [FREE]
#----------------------------------------------------------------------------------
# Model[14000]:
#   - NcSNIADistCov : Supernovae Ia Distance Covariance
#----------------------------------------------------------------------------------
# Model parameters
#   -        alpha[00]:  0                   [FIXED]
#   -         beta[01]:  0                   [FIXED]
#   -           M1[02]: -19.2885000442577    [FREE]
#   -           M2[03]: -19.25               [FIXED]
#   - lnsigma_pecz[04]: -34.5387763949107    [FIXED]
#   - lnsigma_lens[05]: -34.5387763949107    [FIXED]
#----------------------------------------------------------------------------------
# NcmMSet parameters covariance matrix
#                                               -------------------------------------------------------------------------------------------------------------------------------------------------------
#  H0[03000:00] =  71.41       +/-  1.085       |  1           | -0.5873      | -0.1348      | -0.4127      |  0.1641      | -0.1943      | -0.08149     | -0.1511      |  0.1896      |  0.7449      |
# w_0[03000:07] = -0.3856      +/-  0.7082      | -0.5873      |  1           |  0.3184      |  0.806       | -0.4073      |  0.2876      | -0.01181     |  0.2575      | -0.2903      |  0.04        |
# w_1[03000:08] = -1.101       +/-  0.1493      | -0.1348      |  0.3184      |  1           |  0.6936      | -0.804       |  0.4327      | -0.1169      |  0.03185     | -0.1723      |  0.009461    |
# w_2[03000:09] = -0.8825      +/-  0.2537      | -0.4127      |  0.806       |  0.6936      |  1           | -0.487       |  0.174       |  0.00098     |  0.2319      | -0.2448      |  0.03        |
# w_3[03000:10] = -0.5634      +/-  0.3309      |  0.1641      | -0.4073      | -0.804       | -0.487       |  1           | -0.6659      |  0.1381      |  0.08987     |  0.143       | -0.0355      |
# w_4[03000:11] = -1.201       +/-  0.5215      | -0.1943      |  0.2876      |  0.4327      |  0.174       | -0.6659      |  1           | -0.3336      | -0.1317      | -0.1995      | -0.04159     |
# w_5[03000:12] = -0.8987      +/-  0.5705      | -0.08149     | -0.01181     | -0.1169      |  0.00098     |  0.1381      | -0.3336      |  1           | -0.4582      |  0.5653      | -0.09445     |
# w_6[03000:13] = -1.107       +/-  0.7375      | -0.1511      |  0.2575      |  0.03185     |  0.2319      |  0.08987     | -0.1317      | -0.4582      |  1           | -0.9339      |  0.05681     |
# w_7[03000:14] =  0.08072     +/-  0.05309     |  0.1896      | -0.2903      | -0.1723      | -0.2448      |  0.143       | -0.1995      |  0.5653      | -0.9339      |  1           | -0.01113     |
#  M1[14000:02] = -19.29       +/-  0.02526     |  0.7449      |  0.04        |  0.009461    |  0.03        | -0.0355      | -0.04159     | -0.09445     |  0.05681     | -0.01113     |  1           |
#                                               -------------------------------------------------------------------------------------------------------------------------------------------------------
